 -0.200000000000000       6.672443922046398E-003
 -0.190000000000000       6.672443922046398E-003
 -0.180000000000000       6.672443922046398E-003
 -0.170000000000000       6.672443922046398E-003
 -0.160000000000000       6.672443922046398E-003
 -0.150000000000000       6.672443922046398E-003
 -0.140000000000000       6.672443922046398E-003
 -0.130000000000000       6.672443922046398E-003
 -0.120000000000000       6.672443922046398E-003
 -0.110000000000000       1.664145284751019E-002
 -0.100000000000000       1.625786028299250E-002
 -9.000000000000001E-002  1.538235023804081E-002
 -8.000000000000002E-002  1.419359733388985E-002
 -7.000000000000001E-002  1.371738199739747E-002
 -6.000000000000000E-002  1.250930915966432E-002
 -5.000000000000002E-002  1.195181409499450E-002
 -4.000000000000001E-002  1.097519182792191E-002
 -3.000000000000000E-002  1.068304615130608E-002
 -2.000000000000002E-002  1.002731970572226E-002
 -1.000000000000001E-002  9.499415828382844E-003
  0.000000000000000E+000  9.309093164692899E-003
  9.999999999999981E-003  8.499004375940243E-003
  1.999999999999999E-002  7.840447475647458E-003
  3.000000000000000E-002  7.535197429576214E-003
  3.999999999999998E-002  6.593641112584937E-003
  4.999999999999999E-002  6.647553854818477E-003
  6.000000000000000E-002  6.842726892752435E-003
  7.000000000000001E-002  5.379683422160288E-003
  8.000000000000002E-002  5.918967462181000E-003
  8.999999999999997E-002  5.210367295566643E-003
  0.100000000000000       4.588148916572039E-003
  0.110000000000000       4.069573233908476E-003
  0.120000000000000       3.990022670905905E-003
  0.130000000000000       3.580552858360172E-003
  0.140000000000000       3.258865901328077E-003
  0.150000000000000       2.328159467079179E-003
  0.160000000000000       2.221830661910958E-003
  0.170000000000000       2.124702539797843E-003
  0.180000000000000       1.796345268200624E-003
  0.190000000000000       1.589865682499219E-003
  0.200000000000000       1.363593798500299E-003
  0.210000000000000       1.053848067854701E-003
  0.220000000000000       1.211202899513174E-003
  0.230000000000000       1.252040691148332E-003
  0.240000000000000       1.331208489531565E-003
  0.250000000000000       1.228538174880825E-003
  0.260000000000000       1.064849072778470E-003
  0.270000000000000       1.333902508640455E-003
  0.280000000000000       6.772893511656584E-004
  0.290000000000000       9.004521874188889E-004
  0.300000000000000       3.867049136862801E-004
  0.310000000000000       6.900660582804538E-004
  0.320000000000000       1.917620742610789E-004
  0.330000000000000       3.635218008543519E-004
  0.340000000000000       2.923641428283046E-006
  0.350000000000000       1.047138333966644E-004
  0.360000000000000       9.246789104900947E-005
  0.370000000000000       0.000000000000000E+000
  0.380000000000000       1.673051775713799E-004
  0.390000000000000       6.521904732198396E-004
  0.400000000000000       5.135195409391047E-004
  0.410000000000000       9.287516309694713E-004
  0.420000000000000       6.641088230810227E-004
  0.430000000000000       9.345549852732603E-004
  0.440000000000000       9.473539961537191E-004
  0.450000000000000       1.533253275326523E-003
  0.460000000000000       1.777205742884396E-003
  0.470000000000000       1.761448739037871E-003
  0.480000000000000       2.428441115887658E-003
  0.490000000000000       2.178692114884853E-003
  0.500000000000000       2.585845553564408E-003
  0.510000000000000       3.022317618494354E-003
  0.520000000000000       3.208021084783017E-003
  0.530000000000000       3.507353086866513E-003
  0.540000000000000       3.556578232675754E-003
  0.550000000000000       3.799765832982109E-003
  0.560000000000000       4.172025955863495E-003
  0.570000000000000       3.931610340068017E-003
  0.580000000000000       3.779859185033912E-003
  0.590000000000000       4.001860357852159E-003
  0.600000000000000       4.645171532466626E-003
  0.610000000000000       4.729282264263068E-003
  0.620000000000000       5.367257066322065E-003
  0.630000000000000       4.678789454901422E-003
  0.640000000000000       5.547790818507908E-003
  0.650000000000000       6.327358543897557E-003
  0.660000000000000       6.792660370374730E-003
  0.670000000000000       5.966707766707808E-003
  0.680000000000000       6.910676188580391E-003
  0.690000000000000       7.254986067213027E-003
  0.700000000000000       7.705018031075129E-003
  0.710000000000000       8.059731399573977E-003
  0.720000000000000       1.042333477291964E-002
  0.730000000000000       1.115169297981494E-002
  0.740000000000000       1.214323829044314E-002
  0.750000000000000       1.280842515259415E-002
  0.760000000000000       1.348937786117625E-002
  0.770000000000000       1.377373981289071E-002
  0.780000000000000       1.429897844670422E-002
  0.790000000000000       1.431226720863882E-002
  0.800000000000000       1.551647831182301E-002
  0.810000000000000       1.620400819196734E-002
  0.820000000000000       1.712040532336716E-002
  0.830000000000000       1.676703425206689E-002
  0.840000000000000       1.715776055148993E-002
  0.850000000000000       1.748451815335385E-002
  0.860000000000000       1.843448000311984E-002
  0.870000000000000       1.782579241418220E-002
  0.880000000000000       1.893433183920360E-002
  0.890000000000000       6.672443922046398E-003
  0.900000000000000       6.672443922046398E-003
  0.910000000000000       6.672443922046398E-003
  0.920000000000000       6.672443922046398E-003
  0.930000000000000       6.672443922046398E-003
  0.940000000000000       6.672443922046398E-003
  0.950000000000000       6.672443922046398E-003
  0.960000000000000       6.672443922046398E-003
  0.970000000000000       6.672443922046398E-003
  0.980000000000000       6.672443922046398E-003
  0.990000000000000       6.672443922046398E-003
   1.00000000000000       6.672443922046398E-003
