 -0.200000000000000       6.902204111127127E-003
 -0.190000000000000       6.902204111127127E-003
 -0.180000000000000       6.902204111127127E-003
 -0.170000000000000       6.902204111127127E-003
 -0.160000000000000       6.902204111127127E-003
 -0.150000000000000       6.902204111127127E-003
 -0.140000000000000       6.902204111127127E-003
 -0.130000000000000       6.902204111127127E-003
 -0.120000000000000       6.902204111127127E-003
 -0.110000000000000       1.687121303659092E-002
 -0.100000000000000       1.648762047207322E-002
 -9.000000000000001E-002  1.561211042712154E-002
 -8.000000000000002E-002  1.442335752297058E-002
 -7.000000000000001E-002  1.394714218647820E-002
 -6.000000000000000E-002  1.273906934874505E-002
 -5.000000000000002E-002  1.218157428407523E-002
 -4.000000000000001E-002  1.114266135755683E-002
 -3.000000000000000E-002  1.073651374915939E-002
 -2.000000000000002E-002  1.017418083934143E-002
 -1.000000000000001E-002  9.340655220985358E-003
  0.000000000000000E+000  8.796102603231134E-003
  9.999999999999981E-003  7.884256260648074E-003
  1.999999999999999E-002  7.262364214294561E-003
  3.000000000000000E-002  6.733315451668764E-003
  3.999999999999998E-002  6.125789813628737E-003
  4.999999999999999E-002  6.292320493967687E-003
  6.000000000000000E-002  5.444347017272077E-003
  7.000000000000001E-002  4.985178228369587E-003
  8.000000000000002E-002  5.153266562730624E-003
  8.999999999999997E-002  4.830263634159840E-003
  0.100000000000000       4.427426735384092E-003
  0.110000000000000       3.857652841141408E-003
  0.120000000000000       3.798194225375915E-003
  0.130000000000000       3.200402272264765E-003
  0.140000000000000       2.926121716196008E-003
  0.150000000000000       2.299436859521659E-003
  0.160000000000000       2.117083364673831E-003
  0.170000000000000       1.999066586992311E-003
  0.180000000000000       1.744272841876774E-003
  0.190000000000000       1.582847491694039E-003
  0.200000000000000       1.249773917280955E-003
  0.210000000000000       1.019641258512626E-003
  0.220000000000000       1.100929823877294E-003
  0.230000000000000       8.156242895887306E-004
  0.240000000000000       5.873233739540958E-004
  0.250000000000000       6.004376667349395E-004
  0.260000000000000       8.122845477914458E-004
  0.270000000000000       1.136426217965707E-003
  0.280000000000000       4.558632622299321E-004
  0.290000000000000       7.707336139496359E-004
  0.300000000000000       3.454837040237557E-004
  0.310000000000000       6.267756860495362E-004
  0.320000000000000       1.805299880776184E-004
  0.330000000000000       2.684656312131927E-004
  0.340000000000000       7.079721803403619E-006
  0.350000000000000       7.917270821853131E-005
  0.360000000000000       7.672401497359465E-005
  0.370000000000000       0.000000000000000E+000
  0.380000000000000       2.305835474934632E-004
  0.390000000000000       6.546167868700988E-004
  0.400000000000000       5.506392996307424E-004
  0.410000000000000       9.221839889681539E-004
  0.420000000000000       7.959870032419204E-004
  0.430000000000000       1.044234391243657E-003
  0.440000000000000       1.079985491341418E-003
  0.450000000000000       1.487913306284156E-003
  0.460000000000000       1.655833186794711E-003
  0.470000000000000       1.617246520660358E-003
  0.480000000000000       2.194783437305559E-003
  0.490000000000000       2.164953019826376E-003
  0.500000000000000       2.520243679309972E-003
  0.510000000000000       2.717242262724676E-003
  0.520000000000000       2.715008759252333E-003
  0.530000000000000       2.602755151643266E-003
  0.540000000000000       2.686192628022096E-003
  0.550000000000000       2.852023678077390E-003
  0.560000000000000       3.079912933295564E-003
  0.570000000000000       3.025918770161045E-003
  0.580000000000000       3.338308160265333E-003
  0.590000000000000       3.362282533129674E-003
  0.600000000000000       3.871790757891035E-003
  0.610000000000000       3.840816174039746E-003
  0.620000000000000       4.547300921207295E-003
  0.630000000000000       4.768048782438905E-003
  0.640000000000000       5.651170256190445E-003
  0.650000000000000       6.282807392438375E-003
  0.660000000000000       6.944241112499047E-003
  0.670000000000000       6.191661261249100E-003
  0.680000000000000       7.133607991704473E-003
  0.690000000000000       7.482230981275084E-003
  0.700000000000000       7.923272623390038E-003
  0.710000000000000       8.283729022733072E-003
  0.720000000000000       1.063944588511165E-002
  0.730000000000000       1.133788209735499E-002
  0.740000000000000       1.223310583124237E-002
  0.750000000000000       1.279140924982212E-002
  0.760000000000000       1.355503926004893E-002
  0.770000000000000       1.347534812888264E-002
  0.780000000000000       1.394775956760031E-002
  0.790000000000000       1.392766676778917E-002
  0.800000000000000       1.443508894620978E-002
  0.810000000000000       1.643376838104807E-002
  0.820000000000000       1.735016551244789E-002
  0.830000000000000       1.699679444114762E-002
  0.840000000000000       1.738752074057066E-002
  0.850000000000000       1.771427834243458E-002
  0.860000000000000       1.866424019220057E-002
  0.870000000000000       1.805555260326293E-002
  0.880000000000000       1.916409202828433E-002
  0.890000000000000       6.902204111127127E-003
  0.900000000000000       6.902204111127127E-003
  0.910000000000000       6.902204111127127E-003
  0.920000000000000       6.902204111127127E-003
  0.930000000000000       6.902204111127127E-003
  0.940000000000000       6.902204111127127E-003
  0.950000000000000       6.902204111127127E-003
  0.960000000000000       6.902204111127127E-003
  0.970000000000000       6.902204111127127E-003
  0.980000000000000       6.902204111127127E-003
  0.990000000000000       6.902204111127127E-003
   1.00000000000000       6.902204111127127E-003
