 -0.150000000000000       2.333730533282462E-002
 -0.149000000000000       2.333730533282462E-002
 -0.148000000000000       2.333730533282462E-002
 -0.147000000000000       2.333730533282462E-002
 -0.146000000000000       2.333730533282462E-002
 -0.145000000000000       2.333730533282462E-002
 -0.144000000000000       2.333730228730196E-002
 -0.143000000000000       2.333729708042698E-002
 -0.142000000000000       2.333728384825399E-002
 -0.141000000000000       2.333725159235815E-002
 -0.140000000000000       2.333717617985223E-002
 -0.139000000000000       2.333700711362502E-002
 -0.138000000000000       2.333664373355734E-002
 -0.137000000000000       2.333589512652117E-002
 -0.136000000000000       2.333441732405050E-002
 -0.135000000000000       2.333162279172080E-002
 -0.134000000000000       2.332656259729891E-002
 -0.133000000000000       2.331778706199082E-002
 -0.132000000000000       2.330323798362116E-002
 -0.131000000000000       2.328017055349353E-002
 -0.130000000000000       2.324522900246971E-002
 -0.129000000000000       2.319470692206814E-002
 -0.128000000000000       2.312505692692646E-002
 -0.127000000000000       2.303362545785304E-002
 -0.126000000000000       2.291953239272972E-002
 -0.125000000000000       2.278447059985524E-002
 -0.124000000000000       2.263317618583953E-002
 -0.123000000000000       2.247328348589659E-002
 -0.122000000000000       2.231438434739669E-002
 -0.121000000000000       2.216634247331356E-002
 -0.120000000000000       2.203710094750691E-002
 -0.119000000000000       2.193054147339497E-002
 -0.118000000000000       2.184499507899521E-002
 -0.117000000000000       2.177292228789203E-002
 -0.116000000000000       2.170207069036253E-002
 -0.115000000000000       2.161789721101882E-002
 -0.114000000000000       2.150674802055609E-002
 -0.113000000000000       2.135893900948445E-002
 -0.112000000000000       2.117090400052401E-002
 -0.111000000000000       2.094581005815663E-002
 -0.110000000000000       2.069248486144429E-002
 -0.109000000000000       2.042300353084891E-002
 -0.108000000000000       2.014966262365027E-002
 -0.107000000000000       1.988218949242622E-002
 -0.106000000000000       1.962594309619448E-002
 -0.105000000000000       1.938149937581388E-002
 -0.104000000000000       1.914559578805214E-002
 -0.103000000000000       1.891305091657873E-002
 -0.102000000000000       1.867907139405293E-002
 -0.101000000000000       1.844132702193282E-002
 -0.100000000000000       1.820129967108128E-002
 -9.899999999999999E-002  1.796459309815525E-002
 -9.799999999999999E-002  1.774013313336467E-002
 -9.700000000000000E-002  1.753838519940556E-002
 -9.600000000000000E-002  1.736891092362024E-002
 -9.500000000000000E-002  1.723776932795357E-002
 -9.400000000000000E-002  1.714531469940916E-002
 -9.300000000000000E-002  1.708497048652962E-002
 -9.200000000000000E-002  1.704337763339253E-002
 -9.100000000000000E-002  1.700203410652152E-002
 -9.000000000000000E-002  1.694018506329568E-002
 -8.900000000000000E-002  1.683845312354031E-002
 -8.799999999999999E-002  1.668250049536367E-002
 -8.699999999999999E-002  1.646600099933465E-002
 -8.599999999999999E-002  1.619235272390927E-002
 -8.499999999999999E-002  1.587476185011060E-002
 -8.399999999999999E-002  1.553454977443719E-002
 -8.299999999999999E-002  1.519781321919388E-002
 -8.199999999999999E-002  1.489080506499251E-002
 -8.099999999999999E-002  1.463469660886926E-002
 -7.999999999999999E-002  1.444076145646490E-002
 -7.899999999999999E-002  1.430705355408241E-002
 -7.799999999999999E-002  1.421771128255167E-002
 -7.700000000000000E-002  1.414547021913378E-002
 -7.600000000000000E-002  1.405718451133913E-002
 -7.500000000000000E-002  1.392120906786913E-002
 -7.400000000000000E-002  1.371488754279687E-002
 -7.300000000000000E-002  1.342998798634401E-002
 -7.199999999999999E-002  1.307457860210358E-002
 -7.099999999999999E-002  1.267075714003043E-002
 -6.999999999999999E-002  1.224889515999064E-002
 -6.899999999999999E-002  1.184017088822281E-002
 -6.799999999999999E-002  1.146951383903727E-002
 -6.699999999999999E-002  1.115088399887739E-002
 -6.599999999999999E-002  1.088590912390350E-002
 -6.499999999999999E-002  1.066569766316900E-002
 -6.399999999999999E-002  1.047486141854250E-002
 -6.299999999999999E-002  1.029612004286030E-002
 -6.200000000000000E-002  1.011414398871733E-002
 -6.100000000000000E-002  9.917731182328823E-003
 -6.000000000000000E-002  9.700230878119297E-003
 -5.900000000000000E-002  9.458737628144082E-003
 -5.800000000000000E-002  9.192785977705079E-003
 -5.700000000000000E-002  8.903370432688242E-003
 -5.599999999999999E-002  8.592608739655760E-003
 -5.499999999999999E-002  8.264033288263820E-003
 -5.399999999999999E-002  7.923118170466974E-003
 -5.299999999999999E-002  7.577548679312634E-003
 -5.199999999999999E-002  7.236831569749566E-003
 -5.099999999999999E-002  6.911150181151168E-003
 -4.999999999999999E-002  6.609571739191283E-003
 -4.899999999999999E-002  6.338140518009634E-003
 -4.799999999999999E-002  6.098316903542012E-003
 -4.699999999999999E-002  5.886308543083116E-003
 -4.599999999999999E-002  5.693565277796228E-003
 -4.500000000000000E-002  5.508429665669543E-003
 -4.400000000000000E-002  5.318576415143380E-003
 -4.300000000000000E-002  5.113706581859220E-003
 -4.200000000000000E-002  4.887744053328626E-003
 -4.099999999999999E-002  4.639971984870088E-003
 -3.999999999999999E-002  4.374958404565161E-003
 -3.899999999999999E-002  4.101256373777954E-003
 -3.799999999999999E-002  3.829450191056447E-003
 -3.699999999999999E-002  3.570043867982667E-003
 -3.599999999999999E-002  3.331762369478904E-003
 -3.499999999999999E-002  3.120515345190832E-003
 -3.399999999999999E-002  2.939052504029500E-003
 -3.299999999999999E-002  2.787149325284233E-003
 -3.199999999999999E-002  2.661989782806823E-003
 -3.099999999999999E-002  2.558584860232360E-003
 -3.000000000000000E-002  2.470086606535280E-003
 -2.900000000000000E-002  2.388129548825571E-003
 -2.800000000000000E-002  2.303316362131443E-003
 -2.700000000000000E-002  2.206109612734625E-003
 -2.600000000000000E-002  2.088120612589933E-003
 -2.499999999999999E-002  1.943743746401924E-003
 -2.399999999999999E-002  1.771712054871585E-003
 -2.299999999999999E-002  1.576028994513402E-003
 -2.199999999999999E-002  1.365889048870236E-003
 -2.099999999999999E-002  1.154290559018691E-003
 -1.999999999999999E-002  9.555749297218454E-004
 -1.899999999999999E-002  7.824250159033652E-004
 -1.799999999999999E-002  6.432005879786901E-004
 -1.699999999999999E-002  5.403190593946602E-004
 -1.599999999999999E-002  4.702095589399873E-004
 -1.499999999999999E-002  4.247586938411797E-004
 -1.399999999999998E-002  3.937869899136442E-004
 -1.299999999999998E-002  3.677910923635466E-004
 -1.199999999999998E-002  3.400920112324561E-004
 -1.099999999999998E-002  3.078933515741865E-004
 -9.999999999999981E-003  2.720680238463870E-004
 -8.999999999999980E-003  2.358436515432702E-004
 -7.999999999999979E-003  2.029648950078802E-004
 -6.999999999999978E-003  1.759856173060778E-004
 -5.999999999999978E-003  1.551779987151794E-004
 -5.000000000000004E-003  1.385118024341062E-004
 -4.000000000000004E-003  1.225699212088829E-004
 -3.000000000000003E-003  1.040488379515613E-004
 -2.000000000000002E-003  8.130455421835603E-005
 -1.000000000000001E-003  5.529977333175798E-005
  0.000000000000000E+000  2.959225798766438E-005
  1.000000000000001E-003  9.386932645294443E-006
  2.000000000000002E-003  0.000000000000000E+000
  3.000000000000003E-003  5.381285155557636E-006
  4.000000000000004E-003  2.724262295568380E-005
  5.000000000000004E-003  6.506208295414123E-005
  6.000000000000005E-003  1.168801520836926E-004
  7.000000000000006E-003  1.803508577517925E-004
  8.000000000000007E-003  2.535766055958774E-004
  9.000000000000008E-003  3.352532200910502E-004
  1.000000000000001E-002  4.241792734934365E-004
  1.100000000000001E-002  5.184217513151818E-004
  1.200000000000001E-002  6.147311171338585E-004
  1.300000000000001E-002  7.085586683113175E-004
  1.400000000000001E-002  7.949191013985439E-004
  1.500000000000001E-002  8.696135222869064E-004
  1.600000000000001E-002  9.305339705608998E-004
  1.700000000000002E-002  9.784084577338960E-004
  1.800000000000002E-002  1.016844679805042E-003
  1.900000000000002E-002  1.051711968490805E-003
  2.000000000000002E-002  1.090167306691994E-003
  2.100000000000002E-002  1.139701717225661E-003
  2.200000000000002E-002  1.207335151265667E-003
  2.300000000000002E-002  1.298923968529608E-003
  2.400000000000002E-002  1.418504824881688E-003
  2.500000000000002E-002  1.567531026960521E-003
  2.600000000000000E-002  1.744218223530276E-003
  2.700000000000000E-002  1.943219930536866E-003
  2.800000000000000E-002  2.156108868551276E-003
  2.900000000000000E-002  2.372652771305703E-003
  3.000000000000000E-002  2.582853487550253E-003
  3.100000000000000E-002  2.779144798187097E-003
  3.200000000000000E-002  2.958077594148525E-003
  3.300000000000000E-002  3.120948605882166E-003
  3.400000000000000E-002  3.273210727584179E-003
  3.500000000000000E-002  3.422900004233662E-003
  3.600000000000000E-002  3.578667564744193E-003
  3.700000000000001E-002  3.748066940011514E-003
  3.800000000000001E-002  3.936447875042111E-003
  3.900000000000001E-002  4.146592387300495E-003
  4.000000000000001E-002  4.378785307002545E-003
  4.100000000000001E-002  4.631070929778446E-003
  4.200000000000001E-002  4.899437835819434E-003
  4.300000000000001E-002  5.178005813232640E-003
  4.400000000000001E-002  5.459365197847548E-003
  4.500000000000001E-002  5.735355530053738E-003
  4.600000000000001E-002  5.998349800530007E-003
  4.700000000000001E-002  6.242825673979820E-003
  4.800000000000001E-002  6.466865360455418E-003
  4.900000000000002E-002  6.673086507530297E-003
  5.000000000000002E-002  6.868582155766738E-003
  5.100000000000002E-002  7.063833300141788E-003
  5.200000000000002E-002  7.270720507872773E-003
  5.300000000000002E-002  7.500063355360433E-003
  5.400000000000002E-002  7.759390439892516E-003
  5.500000000000002E-002  8.051263469516335E-003
  5.600000000000002E-002  8.372737680150739E-003
  5.700000000000002E-002  8.715921501084061E-003
  5.800000000000002E-002  9.069556962052878E-003
  5.900000000000000E-002  9.421241979159816E-003
  6.000000000000000E-002  9.759776494827316E-003
  6.100000000000000E-002  1.007709592936176E-002
  6.200000000000000E-002  1.036945653981790E-002
  6.300000000000000E-002  1.063761993367185E-002
  6.400000000000000E-002  1.088621935655266E-002
  6.500000000000000E-002  1.112247273260530E-002
  6.600000000000000E-002  1.135469500880682E-002
  6.700000000000000E-002  1.159082088567336E-002
  6.800000000000000E-002  1.183720298565045E-002
  6.900000000000001E-002  1.209763513055517E-002
  7.000000000000001E-002  1.237270933000246E-002
  7.100000000000001E-002  1.265945827585185E-002
  7.200000000000001E-002  1.295146489962656E-002
  7.300000000000001E-002  1.323967059976132E-002
  7.400000000000001E-002  1.351384287164218E-002
  7.500000000000001E-002  1.376473988688025E-002
  7.600000000000001E-002  1.398642805661651E-002
  7.700000000000001E-002  1.417820721641552E-002
  7.800000000000001E-002  1.434555047788448E-002
  7.900000000000001E-002  1.449959835627566E-002
  8.000000000000002E-002  1.465527435068542E-002
  8.100000000000002E-002  1.482834476995681E-002
  8.200000000000002E-002  1.503218041113782E-002
  8.300000000000002E-002  1.527492593434889E-002
  8.400000000000002E-002  1.555769379477830E-002
  8.500000000000002E-002  1.587410153467083E-002
  8.600000000000002E-002  1.621126552429113E-002
  8.700000000000002E-002  1.655190306092977E-002
  8.800000000000002E-002  1.687728659835821E-002
  8.900000000000002E-002  1.717050254140759E-002
  9.000000000000000E-002  1.741936357362145E-002
  9.100000000000000E-002  1.761857135846978E-002
  9.200000000000000E-002  1.777048691114650E-002
  9.300000000000000E-002  1.788447159356436E-002
  9.400000000000000E-002  1.797470047384445E-002
  9.500000000000000E-002  1.805712358258972E-002
  9.600000000000000E-002  1.814612501554326E-002
  9.700000000000000E-002  1.825181630048202E-002
  9.800000000000000E-002  1.837851503486078E-002
  9.900000000000000E-002  1.852470604349916E-002
  0.100000000000000       1.868425181529405E-002
  0.101000000000000       1.884841602154311E-002
  0.102000000000000       1.900799873998802E-002
  0.103000000000000       1.915520179048661E-002
  0.104000000000000       1.928484201549828E-002
  0.105000000000000       1.939500288028699E-002
  0.106000000000000       1.948719018798038E-002
  0.107000000000000       1.956615668838636E-002
  0.108000000000000       1.963940311541490E-002
  0.109000000000000       1.971639534309657E-002
  0.110000000000000       1.980745288747600E-002
  0.111000000000000       1.992240465065098E-002
  0.112000000000000       2.006919505551361E-002
  0.113000000000000       2.025267701135283E-002
  0.114000000000000       2.047378590490966E-002
  0.115000000000000       2.072926439368702E-002
  0.116000000000000       2.101199754718763E-002
  0.117000000000000       2.131183259501231E-002
  0.118000000000000       2.161680438275345E-002
  0.119000000000000       2.191455944396967E-002
  0.120000000000000       2.219374698339744E-002
  0.121000000000000       2.244521065430012E-002
  0.122000000000000       2.266277883567049E-002
  0.123000000000000       2.284357335109696E-002
  0.124000000000000       2.298783822522505E-002
  0.125000000000000       2.309835192548690E-002
  0.126000000000000       2.317960349337366E-002
  0.127000000000000       2.323692440568796E-002
  0.128000000000000       2.327572004895977E-002
  0.129000000000000       2.330091250148883E-002
  0.130000000000000       2.331659387267671E-002
  0.131000000000000       2.332596039216553E-002
  0.132000000000000       2.333132598706643E-002
  0.133000000000000       2.333427387753985E-002
  0.134000000000000       2.333582724446127E-002
  0.135000000000000       2.333661234825849E-002
  0.136000000000000       2.333699671564212E-002
  0.137000000000000       2.333717130328872E-002
  0.138000000000000       2.333724940741854E-002
  0.139000000000000       2.333728291228818E-002
  0.140000000000000       2.333729669685565E-002
  0.141000000000000       2.333730533282462E-002
  0.142000000000000       2.333730533282462E-002
  0.143000000000000       2.333730533282462E-002
  0.144000000000000       2.333730533282462E-002
  0.145000000000000       2.333730533282462E-002
  0.146000000000000       2.333730533282462E-002
  0.147000000000000       2.333730533282462E-002
  0.148000000000000       2.333730533282462E-002
  0.149000000000000       2.333730533282462E-002
  0.150000000000000       2.333730533282462E-002
