 -0.200000000000000       6.068449602241283E-003
 -0.190000000000000       6.068449602241283E-003
 -0.180000000000000       6.068449602241283E-003
 -0.170000000000000       6.068449602241283E-003
 -0.160000000000000       6.068449602241283E-003
 -0.150000000000000       6.068449602241283E-003
 -0.140000000000000       6.068449602241283E-003
 -0.130000000000000       6.068449602241283E-003
 -0.120000000000000       6.068449602241283E-003
 -0.110000000000000       1.771143838891513E-002
 -0.100000000000000       1.585197306263931E-002
 -9.000000000000001E-002  1.525212812304902E-002
 -8.000000000000002E-002  1.387691198387734E-002
 -7.000000000000001E-002  1.351246958953287E-002
 -6.000000000000000E-002  1.226509815523077E-002
 -5.000000000000002E-002  1.150720435266122E-002
 -4.000000000000001E-002  1.064762887773994E-002
 -3.000000000000000E-002  1.102184991719149E-002
 -2.000000000000002E-002  9.921333681378526E-003
 -1.000000000000001E-002  9.703494322037161E-003
  0.000000000000000E+000  9.726450291966842E-003
  9.999999999999981E-003  8.857555811531167E-003
  1.999999999999999E-002  7.761514444598638E-003
  3.000000000000000E-002  7.623084655174300E-003
  3.999999999999998E-002  6.687669875971608E-003
  4.999999999999999E-002  7.065849728831438E-003
  6.000000000000000E-002  6.987304359613871E-003
  7.000000000000001E-002  5.369243334098396E-003
  8.000000000000002E-002  6.563606550677409E-003
  8.999999999999997E-002  5.591630970323687E-003
  0.100000000000000       4.809360692937897E-003
  0.110000000000000       4.755679047500854E-003
  0.120000000000000       5.086779559643325E-003
  0.130000000000000       4.130287908536870E-003
  0.140000000000000       3.545867378210859E-003
  0.150000000000000       2.833636953850944E-003
  0.160000000000000       2.934426594408009E-003
  0.170000000000000       3.630311792482356E-003
  0.180000000000000       2.023658266002670E-003
  0.190000000000000       2.287053513440649E-003
  0.200000000000000       1.583113768632939E-003
  0.210000000000000       1.501301527619518E-003
  0.220000000000000       1.579921391186194E-003
  0.230000000000000       1.628688820293358E-003
  0.240000000000000       2.099166442473765E-003
  0.250000000000000       1.869602864839297E-003
  0.260000000000000       1.715103865800674E-003
  0.270000000000000       1.954754236141730E-003
  0.280000000000000       1.229902335198907E-003
  0.290000000000000       1.540149150062139E-003
  0.300000000000000       1.022447187974266E-003
  0.310000000000000       1.590945136845640E-003
  0.320000000000000       1.017403022356960E-003
  0.330000000000000       1.130773428669263E-003
  0.340000000000000       6.191429233923735E-004
  0.350000000000000       1.064993854604367E-003
  0.360000000000000       4.228976398625755E-004
  0.370000000000000       0.000000000000000E+000
  0.380000000000000       5.742594464712850E-004
  0.390000000000000       1.195618945106023E-003
  0.400000000000000       6.419708422967249E-004
  0.410000000000000       1.132136947613105E-003
  0.420000000000000       6.075849435671979E-004
  0.430000000000000       7.722046488383635E-004
  0.440000000000000       9.056841301608096E-004
  0.450000000000000       1.369307346761319E-003
  0.460000000000000       2.459313450724407E-003
  0.470000000000000       2.142532156650319E-003
  0.480000000000000       3.223324951401859E-003
  0.490000000000000       2.975217079119348E-003
  0.500000000000000       3.213314361309008E-003
  0.510000000000000       3.749540934694916E-003
  0.520000000000000       3.539131887002788E-003
  0.530000000000000       3.659030778623910E-003
  0.540000000000000       3.756005166075474E-003
  0.550000000000000       5.357466030499297E-003
  0.560000000000000       4.380020175228918E-003
  0.570000000000000       4.651095386333045E-003
  0.580000000000000       4.606614310383768E-003
  0.590000000000000       4.848069634999713E-003
  0.600000000000000       5.356841219790711E-003
  0.610000000000000       5.340475644990113E-003
  0.620000000000000       5.822795073784233E-003
  0.630000000000000       6.666561476804495E-003
  0.640000000000000       7.234503310245831E-003
  0.650000000000000       7.367825438954863E-003
  0.660000000000000       8.419430935291456E-003
  0.670000000000000       8.500412910558293E-003
  0.680000000000000       1.089107873325317E-002
  0.690000000000000       9.572300102406799E-003
  0.700000000000000       1.006264404508021E-002
  0.710000000000000       1.100974267929572E-002
  0.720000000000000       1.155950684963900E-002
  0.730000000000000       1.141562340358867E-002
  0.740000000000000       1.167364304941072E-002
  0.750000000000000       1.243567447397386E-002
  0.760000000000000       1.334266591783241E-002
  0.770000000000000       1.376120282196532E-002
  0.780000000000000       1.388916152986101E-002
  0.790000000000000       1.388818340156469E-002
  0.800000000000000       1.491248399201790E-002
  0.810000000000000       1.560001387216222E-002
  0.820000000000000       1.651641100356205E-002
  0.830000000000000       1.616303993226178E-002
  0.840000000000000       1.655376623168481E-002
  0.850000000000000       1.688052383354873E-002
  0.860000000000000       1.783048568331472E-002
  0.870000000000000       1.722179809437709E-002
  0.880000000000000       1.833033751939848E-002
  0.890000000000000       6.068449602241283E-003
  0.900000000000000       6.068449602241283E-003
  0.910000000000000       6.068449602241283E-003
  0.920000000000000       6.068449602241283E-003
  0.930000000000000       6.068449602241283E-003
  0.940000000000000       6.068449602241283E-003
  0.950000000000000       6.068449602241283E-003
  0.960000000000000       6.068449602241283E-003
  0.970000000000000       6.068449602241283E-003
  0.980000000000000       6.068449602241283E-003
  0.990000000000000       6.068449602241283E-003
   1.00000000000000       6.068449602241283E-003
