 -0.250000000000000       2.463853313404305E-002
 -0.249000000000000       2.463853313404305E-002
 -0.248000000000000       2.463853313404305E-002
 -0.247000000000000       2.463853313404305E-002
 -0.246000000000000       2.463853313404305E-002
 -0.245000000000000       2.463853313404305E-002
 -0.244000000000000       2.463853313404305E-002
 -0.243000000000000       2.463853313404305E-002
 -0.242000000000000       2.463853313404305E-002
 -0.241000000000000       2.463853313404305E-002
 -0.240000000000000       2.463853313404305E-002
 -0.239000000000000       2.463853313404305E-002
 -0.238000000000000       2.463853313404305E-002
 -0.237000000000000       2.463853313404305E-002
 -0.236000000000000       2.463853313404305E-002
 -0.235000000000000       2.463853313404305E-002
 -0.234000000000000       2.463853313404305E-002
 -0.233000000000000       2.463853313404305E-002
 -0.232000000000000       2.463853313404305E-002
 -0.231000000000000       2.463853313404305E-002
 -0.230000000000000       2.463853313404305E-002
 -0.229000000000000       2.463853313404305E-002
 -0.228000000000000       2.463853313404305E-002
 -0.227000000000000       2.463853313404305E-002
 -0.226000000000000       2.463853313404305E-002
 -0.225000000000000       2.463853313404305E-002
 -0.224000000000000       2.463853313404305E-002
 -0.223000000000000       2.463853313404305E-002
 -0.222000000000000       2.463853313404305E-002
 -0.221000000000000       2.463853313404305E-002
 -0.220000000000000       2.463853313404305E-002
 -0.219000000000000       2.463853313404305E-002
 -0.218000000000000       2.463853313404305E-002
 -0.217000000000000       2.463853313404305E-002
 -0.216000000000000       2.463853313404305E-002
 -0.215000000000000       2.463853313404305E-002
 -0.214000000000000       2.463853313404305E-002
 -0.213000000000000       2.463853313404305E-002
 -0.212000000000000       2.463853313404305E-002
 -0.211000000000000       2.463853313404305E-002
 -0.210000000000000       2.463853313404305E-002
 -0.209000000000000       2.463853313404305E-002
 -0.208000000000000       2.463853313404305E-002
 -0.207000000000000       2.463853313404305E-002
 -0.206000000000000       2.463853313404305E-002
 -0.205000000000000       2.463853313404305E-002
 -0.204000000000000       2.463853313404305E-002
 -0.203000000000000       2.463853313404305E-002
 -0.202000000000000       2.463853313404305E-002
 -0.201000000000000       2.463853313404305E-002
 -0.200000000000000       2.463853313404305E-002
 -0.199000000000000       2.463853313404305E-002
 -0.198000000000000       2.463853313404305E-002
 -0.197000000000000       2.463853313404305E-002
 -0.196000000000000       2.463853313404305E-002
 -0.195000000000000       2.463853313404305E-002
 -0.194000000000000       2.463853313404305E-002
 -0.193000000000000       2.463853313404305E-002
 -0.192000000000000       2.463853313404305E-002
 -0.191000000000000       2.463853313404305E-002
 -0.190000000000000       2.463853313404305E-002
 -0.189000000000000       2.463853313404305E-002
 -0.188000000000000       2.463853313404305E-002
 -0.187000000000000       2.463853313404305E-002
 -0.186000000000000       2.463853313404305E-002
 -0.185000000000000       2.463853313404305E-002
 -0.184000000000000       2.463853313404305E-002
 -0.183000000000000       2.463853313404305E-002
 -0.182000000000000       2.463853313404305E-002
 -0.181000000000000       2.463853313404305E-002
 -0.180000000000000       2.463853313404305E-002
 -0.179000000000000       2.463853313404305E-002
 -0.178000000000000       2.463853313404305E-002
 -0.177000000000000       2.463853313404305E-002
 -0.176000000000000       2.463853313404305E-002
 -0.175000000000000       2.463853313404305E-002
 -0.174000000000000       2.463853313404305E-002
 -0.173000000000000       2.463853313404305E-002
 -0.172000000000000       2.463853313404305E-002
 -0.171000000000000       2.463853313404305E-002
 -0.170000000000000       2.463853313404305E-002
 -0.169000000000000       2.463853313404305E-002
 -0.168000000000000       2.463853313404305E-002
 -0.167000000000000       2.463853313404305E-002
 -0.166000000000000       2.463853313404305E-002
 -0.165000000000000       2.463853313404305E-002
 -0.164000000000000       2.463853313404305E-002
 -0.163000000000000       2.463853313404305E-002
 -0.162000000000000       2.463853313404305E-002
 -0.161000000000000       2.463853313404305E-002
 -0.160000000000000       2.463853313404305E-002
 -0.159000000000000       2.463853313404305E-002
 -0.158000000000000       2.463853313404305E-002
 -0.157000000000000       2.463853313404305E-002
 -0.156000000000000       2.463853313404305E-002
 -0.155000000000000       2.463853313404305E-002
 -0.154000000000000       2.463853313404305E-002
 -0.153000000000000       2.463853313404305E-002
 -0.152000000000000       2.463853313404305E-002
 -0.151000000000000       2.463853313404305E-002
 -0.150000000000000       2.463853313404305E-002
 -0.149000000000000       2.463853313404305E-002
 -0.148000000000000       2.463853313404305E-002
 -0.147000000000000       2.463853313404305E-002
 -0.146000000000000       2.463853313404305E-002
 -0.145000000000000       2.463853313404305E-002
 -0.144000000000000       2.463853008852039E-002
 -0.143000000000000       2.463852488164541E-002
 -0.142000000000000       2.463851164947242E-002
 -0.141000000000000       2.463847939357658E-002
 -0.140000000000000       2.463840398107066E-002
 -0.139000000000000       2.463823491484345E-002
 -0.138000000000000       2.463787153477577E-002
 -0.137000000000000       2.463712292773960E-002
 -0.136000000000000       2.463564512526893E-002
 -0.135000000000000       2.463285059293923E-002
 -0.134000000000000       2.462779039851734E-002
 -0.133000000000000       2.461901486320925E-002
 -0.132000000000000       2.460446578483960E-002
 -0.131000000000000       2.458139835471196E-002
 -0.130000000000000       2.454645680368814E-002
 -0.129000000000000       2.449593472328657E-002
 -0.128000000000000       2.442628472814489E-002
 -0.127000000000000       2.433485325907147E-002
 -0.126000000000000       2.422076019394815E-002
 -0.125000000000000       2.408569840107367E-002
 -0.124000000000000       2.393440398705796E-002
 -0.123000000000000       2.377451128711502E-002
 -0.122000000000000       2.361561214861512E-002
 -0.121000000000000       2.346757027453199E-002
 -0.120000000000000       2.333832874872534E-002
 -0.119000000000000       2.323176927461340E-002
 -0.118000000000000       2.314622288021364E-002
 -0.117000000000000       2.307415008911046E-002
 -0.116000000000000       2.300329802552787E-002
 -0.115000000000000       2.291912278342362E-002
 -0.114000000000000       2.280796987984312E-002
 -0.113000000000000       2.266015159053487E-002
 -0.112000000000000       2.247209434334388E-002
 -0.111000000000000       2.224694928319896E-002
 -0.110000000000000       2.199351072519852E-002
 -0.109000000000000       2.172378969477721E-002
 -0.108000000000000       2.144996293535836E-002
 -0.107000000000000       2.118154519542626E-002
 -0.106000000000000       2.092353878832321E-002
 -0.105000000000000       2.067595258775110E-002
 -0.104000000000000       2.043467566197114E-002
 -0.103000000000000       2.019333167867805E-002
 -0.102000000000000       1.994556105934196E-002
 -0.101000000000000       1.968713294702456E-002
 -0.100000000000000       1.941743394796208E-002
 -9.900000000000000E-002  1.914003698991206E-002
 -9.800000000000000E-002  1.886225860946641E-002
 -9.700000000000000E-002  1.859379451589103E-002
 -9.600000000000000E-002  1.834465234803927E-002
 -9.500000000000000E-002  1.812277994653673E-002
 -9.400000000000000E-002  1.793183819283868E-002
 -9.300000000000000E-002  1.776963952906881E-002
 -9.200000000000000E-002  1.762768411619642E-002
 -9.100000000000000E-002  1.749202046182137E-002
 -9.000000000000000E-002  1.734536881490597E-002
 -8.900000000000000E-002  1.717018843299122E-002
 -8.799999999999999E-002  1.695212582931524E-002
 -8.699999999999999E-002  1.668317628012270E-002
 -8.599999999999999E-002  1.636394064064233E-002
 -8.499999999999999E-002  1.600446700123693E-002
 -8.399999999999999E-002  1.562335262164327E-002
 -8.299999999999999E-002  1.524505634921332E-002
 -8.199999999999999E-002  1.489565727402379E-002
 -8.099999999999999E-002  1.459765665530741E-002
 -7.999999999999999E-002  1.436486474071872E-002
 -7.899999999999999E-002  1.419851478203114E-002
 -7.799999999999999E-002  1.408585343711227E-002
 -7.699999999999999E-002  1.400193322191612E-002
 -7.599999999999998E-002  1.391455175362602E-002
 -7.499999999999998E-002  1.379130801288911E-002
 -7.400000000000001E-002  1.360707949374828E-002
 -7.300000000000001E-002  1.334975980652385E-002
 -7.200000000000001E-002  1.302267757086601E-002
 -7.100000000000001E-002  1.264299973829247E-002
 -7.000000000000001E-002  1.223665586199413E-002
 -6.900000000000001E-002  1.183145099407155E-002
 -6.800000000000000E-002  1.145041895910251E-002
 -6.700000000000000E-002  1.110730672401669E-002
 -6.600000000000000E-002  1.080521545245958E-002
 -6.500000000000000E-002  1.053823821627847E-002
 -6.400000000000000E-002  1.029515462901708E-002
 -6.300000000000000E-002  1.006361135722101E-002
 -6.200000000000000E-002  9.833465139949765E-003
 -6.100000000000000E-002  9.598444046855101E-003
 -6.000000000000000E-002  9.356089473747277E-003
 -5.900000000000000E-002  9.106548765630884E-003
 -5.800000000000000E-002  8.850993585191220E-003
 -5.700000000000000E-002  8.590524991337979E-003
 -5.599999999999999E-002  8.325898809151758E-003
 -5.499999999999999E-002  8.058038466728683E-003
 -5.399999999999999E-002  7.788913779228274E-003
 -5.299999999999999E-002  7.522224287766829E-003
 -5.199999999999999E-002  7.263416762536154E-003
 -5.099999999999999E-002  7.018874375619683E-003
 -4.999999999999999E-002  6.794351418803940E-003
 -4.899999999999999E-002  6.593176037166162E-003
 -4.799999999999999E-002  6.414711014313960E-003
 -4.699999999999999E-002  6.253669954070715E-003
 -4.599999999999999E-002  6.100574775247565E-003
 -4.499999999999998E-002  5.943392145127426E-003
 -4.399999999999998E-002  5.769962714457805E-003
 -4.299999999999998E-002  5.570671759090619E-003
 -4.199999999999998E-002  5.340592798449176E-003
 -4.100000000000001E-002  5.080503167402342E-003
 -4.000000000000001E-002  4.796642120681729E-003
 -3.900000000000001E-002  4.499204405148789E-003
 -3.800000000000001E-002  4.200190209879429E-003
 -3.700000000000001E-002  3.911155490337343E-003
 -3.600000000000000E-002  3.641473746343483E-003
 -3.500000000000000E-002  3.397386189034405E-003
 -3.400000000000000E-002  3.181850090828577E-003
 -3.300000000000000E-002  2.994972680265662E-003
 -3.200000000000000E-002  2.834624564762876E-003
 -3.100000000000000E-002  2.696989359208174E-003
 -3.000000000000000E-002  2.576841242897272E-003
 -2.900000000000000E-002  2.467685474814085E-003
 -2.800000000000000E-002  2.361900147407694E-003
 -2.700000000000000E-002  2.251239116823716E-003
 -2.600000000000000E-002  2.127791691769611E-003
 -2.499999999999999E-002  1.985443137734723E-003
 -2.399999999999999E-002  1.821462922844238E-003
 -2.299999999999999E-002  1.637676248461319E-003
 -2.199999999999999E-002  1.440762936394353E-003
 -2.099999999999999E-002  1.241298056831215E-003
 -1.999999999999999E-002  1.051663517382055E-003
 -1.899999999999999E-002  8.832868171494354E-004
 -1.799999999999999E-002  7.440512663543300E-004
 -1.699999999999999E-002  6.365970694938196E-004
 -1.599999999999999E-002  5.580936143486162E-004
 -1.499999999999999E-002  5.014630557430913E-004
 -1.399999999999998E-002  4.576575032872281E-004
 -1.299999999999998E-002  4.182595691044830E-004
 -1.199999999999998E-002  3.775510005213471E-004
 -1.099999999999998E-002  3.335401812105017E-004
 -1.000000000000001E-002  2.877350856787704E-004
 -9.000000000000008E-003  2.438068905511216E-004
 -8.000000000000007E-003  2.057164754869362E-004
 -7.000000000000006E-003  1.759681298472843E-004
 -6.000000000000005E-003  1.545025015421281E-004
 -5.000000000000004E-003  1.387085438634660E-004
 -4.000000000000004E-003  1.244301254459367E-004
 -3.000000000000003E-003  1.076058698788462E-004
 -2.000000000000002E-003  8.596671744092940E-005
 -1.000000000000001E-003  6.010375262691450E-005
  0.000000000000000E+000  3.350753891694438E-005
  1.000000000000001E-003  1.158276492159091E-005
  2.000000000000002E-003  0.000000000000000E+000
  3.000000000000003E-003  3.061325101416656E-006
  4.000000000000004E-003  2.268250905761160E-005
  5.000000000000004E-003  5.830716248688902E-005
  6.000000000000005E-003  1.076968216923539E-004
  7.000000000000006E-003  1.680668023310329E-004
  8.000000000000007E-003  2.370707427096705E-004
  9.000000000000008E-003  3.131187530387540E-004
  1.000000000000001E-002  3.950304821215625E-004
  1.100000000000001E-002  4.812768003890876E-004
  1.200000000000001E-002  5.693764040028831E-004
  1.300000000000001E-002  6.558016911951438E-004
  1.400000000000001E-002  7.366663074058859E-004
  1.500000000000001E-002  8.087417904849153E-004
  1.600000000000001E-002  8.705772961185021E-004
  1.700000000000002E-002  9.231161151544674E-004
  1.800000000000002E-002  9.696947591477864E-004
  1.900000000000002E-002  1.015472189544668E-003
  2.000000000000002E-002  1.066582161013754E-003
  2.100000000000002E-002  1.129354548319212E-003
  2.200000000000002E-002  1.209700135115458E-003
  2.300000000000002E-002  1.312579221968334E-003
  2.400000000000002E-002  1.441456097688223E-003
  2.500000000000002E-002  1.597578873742567E-003
  2.600000000000002E-002  1.779304490026837E-003
  2.700000000000002E-002  1.981700946561523E-003
  2.800000000000002E-002  2.196917927327176E-003
  2.900000000000003E-002  2.415333991107532E-003
  3.000000000000003E-002  2.627463330622765E-003
  3.100000000000003E-002  2.826034263950152E-003
  3.200000000000003E-002  3.007591684576535E-003
  3.300000000000003E-002  3.173093491747350E-003
  3.400000000000003E-002  3.327359148873551E-003
  3.500000000000003E-002  3.477603831008366E-003
  3.600000000000003E-002  3.631631808626579E-003
  3.700000000000003E-002  3.796309681937008E-003
  3.800000000000003E-002  3.976625316981178E-003
  3.899999999999998E-002  4.175433629844755E-003
  3.999999999999998E-002  4.393547324899109E-003
  4.099999999999998E-002  4.629913446924618E-003
  4.199999999999998E-002  4.881632008127489E-003
  4.299999999999998E-002  5.143924244275108E-003
  4.399999999999998E-002  5.410243854742734E-003
  4.499999999999998E-002  5.672877192237833E-003
  4.599999999999999E-002  5.924142454615224E-003
  4.699999999999999E-002  6.157988145020117E-003
  4.799999999999999E-002  6.371634329071982E-003
  4.899999999999999E-002  6.566718291341967E-003
  4.999999999999999E-002  6.749468976867703E-003
  5.099999999999999E-002  6.929801258278002E-003
  5.199999999999999E-002  7.119413747745943E-003
  5.299999999999999E-002  7.329285900542926E-003
  5.399999999999999E-002  7.567304087164387E-003
  5.499999999999999E-002  7.836380930196424E-003
  5.599999999999999E-002  8.133720146366766E-003
  5.700000000000000E-002  8.451254778063300E-003
  5.800000000000000E-002  8.777212574219224E-003
  5.900000000000000E-002  9.098440338107345E-003
  6.000000000000000E-002  9.402929972962293E-003
  6.100000000000000E-002  9.681971823033516E-003
  6.200000000000000E-002  9.931542615377573E-003
  6.300000000000000E-002  1.015264599522404E-002
  6.400000000000000E-002  1.035077825659284E-002
  6.500000000000000E-002  1.053466263554500E-002
  6.600000000000000E-002  1.071471708028244E-002
  6.700000000000000E-002  1.090143105937394E-002
  6.800000000000000E-002  1.110391648284154E-002
  6.900000000000001E-002  1.132857330183997E-002
  7.000000000000001E-002  1.157802613912887E-002
  7.100000000000001E-002  1.185037408705185E-002
  7.200000000000001E-002  1.213904873658470E-002
  7.300000000000001E-002  1.243360882853472E-002
  7.400000000000001E-002  1.272147138639489E-002
  7.500000000000001E-002  1.299054570487642E-002
  7.600000000000001E-002  1.323207907226873E-002
  7.700000000000001E-002  1.344297991006783E-002
  7.800000000000001E-002  1.362689968257989E-002
  7.900000000000001E-002  1.379356615882505E-002
  8.000000000000002E-002  1.395655525678350E-002
  8.100000000000002E-002  1.413001081425856E-002
  8.200000000000002E-002  1.432529273764026E-002
  8.300000000000002E-002  1.454837414301650E-002
  8.400000000000002E-002  1.479859992505023E-002
  8.500000000000002E-002  1.506895406280031E-002
  8.600000000000002E-002  1.534769049368862E-002
  8.700000000000002E-002  1.562073917397417E-002
  8.800000000000002E-002  1.587446135755400E-002
  8.900000000000002E-002  1.609822829285001E-002
  9.000000000000002E-002  1.628630527021599E-002
  9.100000000000003E-002  1.643888907533005E-002
  9.200000000000003E-002  1.656192731665009E-002
  9.300000000000003E-002  1.666588422230211E-002
  9.400000000000003E-002  1.676346993350838E-002
  9.500000000000003E-002  1.686702107916718E-002
  9.600000000000003E-002  1.698596790706597E-002
  9.700000000000003E-002  1.712513182101461E-002
  9.800000000000003E-002  1.728420161274167E-002
  9.900000000000003E-002  1.745843905959462E-002
  0.100000000000000       1.764021591382844E-002
  0.101000000000000       1.782089163527046E-002
  0.102000000000000       1.799238691575181E-002
  0.103000000000000       1.814826382448840E-002
  0.104000000000000       1.828415835027993E-002
  0.105000000000000       1.839789586340333E-002
  0.106000000000000       1.848949450035040E-002
  0.107000000000000       1.856122378806957E-002
  0.108000000000000       1.861764673771747E-002
  0.109000000000000       1.866555076299863E-002
  0.110000000000000       1.871355050962058E-002
  0.111000000000000       1.877135089409778E-002
  0.112000000000000       1.884871171859223E-002
  0.113000000000000       1.895428195828876E-002
  0.114000000000000       1.909435411475333E-002
  0.115000000000000       1.927171761635538E-002
  0.116000000000000       1.948477889963957E-002
  0.117000000000000       1.972702854819042E-002
  0.118000000000000       1.998724143429114E-002
  0.119000000000000       2.025052261087679E-002
  0.120000000000000       2.050029328934664E-002
  0.121000000000000       2.072093923157703E-002
  0.122000000000000       2.090059601228196E-002
  0.123000000000000       2.103337044765975E-002
  0.124000000000000       2.112032858514961E-002
  0.125000000000000       2.116890676732267E-002
  0.126000000000000       2.119085081437902E-002
  0.127000000000000       2.119923641566674E-002
  0.128000000000000       2.120538487570278E-002
  0.129000000000000       2.121650872407138E-002
  0.130000000000000       2.123467685213903E-002
  0.131000000000000       2.125732711413723E-002
  0.132000000000000       2.127890661180660E-002
  0.133000000000000       2.129309851786852E-002
  0.134000000000000       2.129484713301526E-002
  0.135000000000000       2.128155271716796E-002
  0.136000000000000       2.125322127840430E-002
  0.137000000000000       2.121172623712029E-002
  0.138000000000000       2.115973194512097E-002
  0.139000000000000       2.109979168929963E-002
  0.140000000000000       2.103409931031924E-002
  0.141000000000000       2.096492134496702E-002
  0.142000000000000       2.089536935390876E-002
  0.143000000000000       2.082997708461489E-002
  0.144000000000000       2.077455216519955E-002
  0.145000000000000       2.073509367787190E-002
  0.146000000000000       2.071600506861621E-002
  0.147000000000000       2.071818954492391E-002
  0.148000000000000       2.073778811960083E-002
  0.149000000000000       2.076613659518155E-002
  0.150000000000000       2.079120215830769E-002
  0.151000000000000       2.080019403471139E-002
  0.152000000000000       2.078266310853813E-002
  0.153000000000000       2.073321704352468E-002
  0.154000000000000       2.065293879186827E-002
  0.155000000000000       2.054911463291659E-002
  0.156000000000000       2.043325398574418E-002
  0.157000000000000       2.031796202518316E-002
  0.158000000000000       2.021370093142476E-002
  0.159000000000000       2.012636650815575E-002
  0.160000000000000       2.005657047226503E-002
  0.161000000000000       2.000085219969637E-002
  0.162000000000000       1.995439968143618E-002
  0.163000000000000       1.991434643335263E-002
  0.164000000000000       1.988240825704832E-002
  0.165000000000000       1.986587330626135E-002
  0.166000000000000       1.987645762797472E-002
  0.167000000000000       1.992729959354830E-002
  0.168000000000000       2.002904944368984E-002
  0.169000000000000       2.018627486182539E-002
  0.170000000000000       2.039531244670403E-002
  0.171000000000000       2.064418559031540E-002
  0.172000000000000       2.091457716786887E-002
  0.173000000000000       2.118519904741153E-002
  0.174000000000000       2.143561975582541E-002
  0.175000000000000       2.164961007889619E-002
  0.176000000000000       2.181727427735427E-002
  0.177000000000000       2.193569672503197E-002
  0.178000000000000       2.200823227761438E-002
  0.179000000000000       2.204283038503980E-002
  0.180000000000000       2.204992078207181E-002
  0.181000000000000       2.204040483367692E-002
  0.182000000000000       2.202408884123246E-002
  0.183000000000000       2.200877491788451E-002
  0.184000000000000       2.199986953322518E-002
  0.185000000000000       2.200032454244450E-002
  0.186000000000000       2.201066497946091E-002
  0.187000000000000       2.202886032833346E-002
  0.188000000000000       2.205004747139712E-002
  0.189000000000000       2.206634638380426E-002
  0.190000000000000       2.206705914602629E-002
  0.191000000000000       2.203962403397002E-002
  0.192000000000000       2.197147772346806E-002
  0.193000000000000       2.185261954243022E-002
  0.194000000000000       2.167848906367312E-002
  0.195000000000000       2.145224436675413E-002
  0.196000000000000       2.118588388243394E-002
  0.197000000000000       2.089948978202920E-002
  0.198000000000000       2.061864297970136E-002
  0.199000000000000       2.037036881084340E-002
  0.200000000000000       2.017853306115611E-002
  0.201000000000000       2.005976032629951E-002
  0.202000000000000       2.002090284189411E-002
  0.203000000000000       2.005858768695006E-002
  0.204000000000000       2.016086106043313E-002
  0.205000000000000       2.031032234172601E-002
  0.206000000000000       2.048777130753427E-002
  0.207000000000000       2.067534438297381E-002
  0.208000000000000       2.085847054849464E-002
  0.209000000000000       2.102638463460748E-002
  0.210000000000000       2.117153528975671E-002
  0.211000000000000       2.128853217783139E-002
  0.212000000000000       2.137326570007498E-002
  0.213000000000000       2.142265580358618E-002
  0.214000000000000       2.143502740501136E-002
  0.215000000000000       2.141085224100200E-002
  0.216000000000000       2.135335601484421E-002
  0.217000000000000       2.126868492769038E-002
  0.218000000000000       2.116537497305262E-002
  0.219000000000000       2.105336500855858E-002
  0.220000000000000       2.094283922071945E-002
  0.221000000000000       2.084326783834175E-002
  0.222000000000000       2.076286844347353E-002
  0.223000000000000       2.070849796260628E-002
  0.224000000000000       2.068578803070012E-002
  0.225000000000000       2.069931802827923E-002
  0.226000000000000       2.075259587964046E-002
  0.227000000000000       2.084783325111038E-002
  0.228000000000000       2.098567148424478E-002
  0.229000000000000       2.116487748301357E-002
  0.230000000000000       2.138231082619981E-002
  0.231000000000000       2.163300968122405E-002
  0.232000000000000       2.191045496355417E-002
  0.233000000000000       2.220687487336454E-002
  0.234000000000000       2.251356454131138E-002
  0.235000000000000       2.282122546820368E-002
  0.236000000000000       2.312045460110441E-002
  0.237000000000000       2.340232585054327E-002
  0.238000000000000       2.365910363545280E-002
  0.239000000000000       2.388494736126865E-002
  0.240000000000000       2.407641440236885E-002
  0.241000000000000       2.423265437422734E-002
  0.242000000000000       2.435522651416248E-002
  0.243000000000000       2.444758217138672E-002
  0.244000000000000       2.451437584370028E-002
  0.245000000000000       2.456072225746729E-002
  0.246000000000000       2.459155434779257E-002
  0.247000000000000       2.461122511247826E-002
  0.248000000000000       2.462325826951767E-002
  0.249000000000000       2.463031219209159E-002
  0.250000000000000       2.463427774865038E-002
