   22600  0.290028E+00    0.100E+01
   22800  0.163504E+00    0.100E+01
   23000  0.159072E+00    0.100E+01
   23200  0.246511E+00    0.100E+01
   23400  0.378070E+00    0.100E+01
   23600  0.453655E+00    0.100E+01
   23800  0.466754E+00    0.100E+01
   24000  0.343850E+00    0.100E+01
   24200  0.251541E+00    0.100E+01
   24400  0.203373E+00    0.100E+01
   24600  0.233431E+00    0.100E+01
   24800  0.246929E+00    0.100E+01
   25000  0.366852E+00    0.100E+01
   25200  0.395157E+00    0.100E+01
   25400  0.305234E+00    0.100E+01
   25600  0.236000E+00    0.100E+01
   25800  0.248317E+00    0.100E+01
   26000  0.240967E+00    0.100E+01
   26200  0.122246E+00    0.100E+01
   26400  0.657614E-01    0.100E+01
   26600  0.872918E-01    0.100E+01
   26800  0.189844E+00    0.100E+01
   27000  0.330814E+00    0.100E+01
   27200  0.476171E+00    0.100E+01
   27400  0.664425E+00    0.100E+01
   27600  0.668290E+00    0.100E+01
   27800  0.465446E+00    0.100E+01
   28000  0.336408E+00    0.100E+01
   28200  0.413060E+00    0.100E+01
   28400  0.498891E+00    0.100E+01
   28600  0.490160E+00    0.100E+01
   28800  0.491273E+00    0.100E+01
   29000  0.539126E+00    0.100E+01
   29200  0.603771E+00    0.100E+01
   29400  0.554271E+00    0.100E+01
   29600  0.546267E+00    0.100E+01
   29800  0.571684E+00    0.100E+01
   30000  0.565174E+00    0.100E+01
   30200  0.570380E+00    0.100E+01
   30400  0.623349E+00    0.100E+01
   30600  0.626184E+00    0.100E+01
   30800  0.619553E+00    0.100E+01
   31000  0.516526E+00    0.100E+01
   31200  0.293213E+00    0.100E+01
   31400  0.308609E+00    0.100E+01
   31600  0.454990E+00    0.100E+01
   31800  0.321532E+00    0.100E+01
   32000  0.174630E+00    0.100E+01
   32200  0.964440E-01    0.100E+01
   32400  0.750409E-01    0.100E+01
   32600  0.573108E-01    0.100E+01
   32800 -0.431358E-02    0.100E+01
   33000  0.141421E-01    0.100E+01
   33200  0.104840E+00    0.100E+01
   33400  0.267648E+00    0.100E+01
   33600  0.444998E+00    0.100E+01
   33800  0.358606E+00    0.100E+01
   34000  0.387900E+00    0.100E+01
   34200  0.409801E+00    0.100E+01
   34400  0.379148E+00    0.100E+01
   34600  0.373752E+00    0.100E+01
   34800  0.320666E+00    0.100E+01
   35000  0.182039E+00    0.100E+01
   35200  0.152563E+00    0.100E+01
   35400  0.132512E+00    0.100E+01
   35600  0.227912E+00    0.100E+01
   35800  0.357366E+00    0.100E+01
   36000  0.508851E+00    0.100E+01
   36200  0.558130E+00    0.100E+01
   36400  0.570644E+00    0.100E+01
   36600  0.615393E+00    0.100E+01
   36800  0.511104E+00    0.100E+01
   37000  0.337255E+00    0.100E+01
   37200  0.167595E+00    0.100E+01
   37400  0.115205E+00    0.100E+01
   37600  0.185795E+00    0.100E+01
   37800  0.268495E+00    0.100E+01
   38000  0.343624E+00    0.100E+01
   38220  0.293658E+00    0.100E+01
   38420  0.308339E+00    0.100E+01
   38620  0.456066E+00    0.100E+01
   38820  0.439146E+00    0.100E+01
   39020  0.352899E+00    0.100E+01
   39220  0.402842E+00    0.100E+01
   39420  0.419210E+00    0.100E+01
   39620  0.370170E+00    0.100E+01
   39820  0.346227E+00    0.100E+01
   40020  0.208248E+00    0.100E+01
   40220  0.987640E-01    0.100E+01
   40420  0.442412E-01    0.100E+01
   40620 -0.419833E-01    0.100E+01
   40820 -0.386078E-02    0.100E+01
   41020  0.154042E-01    0.100E+01
   41220  0.150293E+00    0.100E+01
   41420  0.299894E+00    0.100E+01
   41620  0.383223E+00    0.100E+01
   41820  0.474073E+00    0.100E+01
   42020  0.639874E+00    0.100E+01
   42220  0.814170E+00    0.100E+01
   42420  0.689052E+00    0.100E+01
   42620  0.606285E+00    0.100E+01
   42820  0.510433E+00    0.100E+01
   43020  0.485969E+00    0.100E+01
   43220  0.492810E+00    0.100E+01
   43420  0.450613E+00    0.100E+01
   43620  0.337225E+00    0.100E+01
   43820  0.307470E+00    0.100E+01
   44020  0.279162E+00    0.100E+01
   44220  0.332752E+00    0.100E+01
   44420  0.401691E+00    0.100E+01
   44620  0.555672E+00    0.100E+01
   44820  0.635914E+00    0.100E+01
   45020  0.594032E+00    0.100E+01
   45220  0.469552E+00    0.100E+01
   45420  0.406598E+00    0.100E+01
   45620  0.393964E+00    0.100E+01
   45820  0.324411E+00    0.100E+01
   46020  0.147185E+00    0.100E+01
   46220  0.199727E+00    0.100E+01
   46420  0.349264E+00    0.100E+01
   46620  0.447497E+00    0.100E+01
   46820  0.429983E+00    0.100E+01
   47020  0.412876E+00    0.100E+01
   47220  0.547758E+00    0.100E+01
   47440  0.763885E+00    0.100E+01
   47640  0.761475E+00    0.100E+01
   47840  0.659412E+00    0.100E+01
   48040  0.619445E+00    0.100E+01
   48240  0.600082E+00    0.100E+01
   48440  0.609832E+00    0.100E+01
   48640  0.715124E+00    0.100E+01
   48840  0.752545E+00    0.100E+01
   49040  0.705347E+00    0.100E+01
   49240  0.714730E+00    0.100E+01
   49440  0.658788E+00    0.100E+01
   49640  0.716264E+00    0.100E+01
   49840  0.740216E+00    0.100E+01
   50040  0.719797E+00    0.100E+01
   50240  0.624757E+00    0.100E+01
   50440  0.457574E+00    0.100E+01
   50640  0.319239E+00    0.100E+01
   50840  0.153081E+00    0.100E+01
   51040  0.929609E-01    0.100E+01
   51240  0.833284E-01    0.100E+01
   51440  0.145954E+00    0.100E+01
   51640  0.241748E+00    0.100E+01
   51840  0.209236E+00    0.100E+01
   52040  0.237251E+00    0.100E+01
   52240  0.365135E+00    0.100E+01
   52440  0.408765E+00    0.100E+01
   52640  0.357230E+00    0.100E+01
   52840  0.254322E+00    0.100E+01
   53040  0.150119E+00    0.100E+01
   53240  0.162536E+00    0.100E+01
   53440  0.227216E+00    0.100E+01
   53640  0.207144E+00    0.100E+01
   53840  0.156326E+00    0.100E+01
   54040  0.555629E-01    0.100E+01
   54240 -0.510132E-01    0.100E+01
   54440 -0.251349E-01    0.100E+01
   54640  0.362136E-01    0.100E+01
   54840  0.152743E+00    0.100E+01
   55040  0.292700E+00    0.100E+01
   55240  0.368907E+00    0.100E+01
   55440  0.498124E+00    0.100E+01
   55640  0.546683E+00    0.100E+01
   55840  0.497289E+00    0.100E+01
   56040  0.458387E+00    0.100E+01
   56240  0.388587E+00    0.100E+01
   56440  0.334733E+00    0.100E+01
   56640  0.234337E+00    0.100E+01
   56840  0.226582E+00    0.100E+01
   57040  0.211714E+00    0.100E+01
   57240  0.279144E+00    0.100E+01
   57440  0.266253E+00    0.100E+01
   57640  0.211865E+00    0.100E+01
   57840  0.193078E+00    0.100E+01
   58040  0.173047E+00    0.100E+01
   58240  0.116357E+00    0.100E+01
   58440  0.531940E-01    0.100E+01
   58640  0.325666E-01    0.100E+01
   58840 -0.930808E-02    0.100E+01
   59040 -0.972247E-01    0.100E+01
   59240 -0.406773E-01    0.100E+01
   59440  0.116724E-01    0.100E+01
   59640  0.856853E-01    0.100E+01
   59840  0.142067E+00    0.100E+01
   60040  0.118111E+00    0.100E+01
   60240  0.170481E+00    0.100E+01
   60440  0.175313E+00    0.100E+01
   60640  0.221639E+00    0.100E+01
   60840  0.297300E+00    0.100E+01
   61040  0.313885E+00    0.100E+01
   61240  0.273719E+00    0.100E+01
   61440  0.243169E+00    0.100E+01
   61640  0.288034E+00    0.100E+01
   61840  0.336815E+00    0.100E+01
   62040  0.375613E+00    0.100E+01
   62240  0.349058E+00    0.100E+01
   62440  0.420256E+00    0.100E+01
   62640  0.422205E+00    0.100E+01
   62840  0.432120E+00    0.100E+01
   63040  0.493700E+00    0.100E+01
   63240  0.594921E+00    0.100E+01
   63440  0.553906E+00    0.100E+01
   63640  0.467537E+00    0.100E+01
   63840  0.397935E+00    0.100E+01
   64040  0.315383E+00    0.100E+01
   64240  0.245864E+00    0.100E+01
   64460  0.197590E+00    0.100E+01
   64660  0.192861E+00    0.100E+01
   64860  0.135239E+00    0.100E+01
   65060  0.107887E+00    0.100E+01
   65260  0.467816E-01    0.100E+01
   65460  0.197244E-01    0.100E+01
   65660 -0.471236E-01    0.100E+01
   65860 -0.114538E+00    0.100E+01
   66060 -0.777096E-01    0.100E+01
   66260  0.928053E-02    0.100E+01
   66460  0.953757E-01    0.100E+01
   66660  0.292357E+00    0.100E+01
   66860  0.370575E+00    0.100E+01
   67060  0.437383E+00    0.100E+01
   67260  0.509144E+00    0.100E+01
   67460  0.552870E+00    0.100E+01
   67660  0.551192E+00    0.100E+01
   67860  0.469697E+00    0.100E+01
   68060  0.380666E+00    0.100E+01
   68260  0.395019E+00    0.100E+01
   68460  0.454274E+00    0.100E+01
   68660  0.458951E+00    0.100E+01
   68860  0.442600E+00    0.100E+01
   69060  0.552824E+00    0.100E+01
   69260  0.686735E+00    0.100E+01
   69460  0.786593E+00    0.100E+01
   69660  0.875002E+00    0.100E+01
   69860  0.855415E+00    0.100E+01
   70060  0.728925E+00    0.100E+01
   70260  0.636278E+00    0.100E+01
   70460  0.612174E+00    0.100E+01
   70660  0.631504E+00    0.100E+01
   70860  0.625461E+00    0.100E+01
   71060  0.482262E+00    0.100E+01
   71260  0.375853E+00    0.100E+01
   71460  0.280156E+00    0.100E+01
   71660  0.186581E+00    0.100E+01
   71860  0.242779E+00    0.100E+01
   72060  0.299464E+00    0.100E+01
   72260  0.413568E+00    0.100E+01
   72600  0.374681E+00    0.100E+01
   72800  0.138707E+00    0.100E+01
   73000 -0.523417E-01    0.100E+01
   73200 -0.106781E+00    0.100E+01
   73400 -0.131326E+00    0.100E+01
   73600 -0.567498E-01    0.100E+01
   73800  0.215707E-01    0.100E+01
   74000  0.989683E-01    0.100E+01
   74200  0.125999E+00    0.100E+01
   74400  0.146625E+00    0.100E+01
   74600  0.243871E+00    0.100E+01
   74800  0.238246E+00    0.100E+01
   75000  0.188905E+00    0.100E+01
   75200  0.245269E+00    0.100E+01
   75400  0.305985E+00    0.100E+01
   75600  0.259649E+00    0.100E+01
   75800  0.163947E+00    0.100E+01
   76000  0.146041E+00    0.100E+01
   76200  0.338170E-01    0.100E+01
   76400  0.296501E-01    0.100E+01
   76600  0.325547E-01    0.100E+01
   76800  0.128885E+00    0.100E+01
   77000  0.270788E+00    0.100E+01
   77200  0.424766E+00    0.100E+01
   77400  0.621962E+00    0.100E+01
   77600  0.737385E+00    0.100E+01
   77800  0.813508E+00    0.100E+01
   78000  0.826346E+00    0.100E+01
   78200  0.742298E+00    0.100E+01
   78400  0.648744E+00    0.100E+01
   78600  0.486761E+00    0.100E+01
   78800  0.497203E+00    0.100E+01
   79000  0.510353E+00    0.100E+01
   79200  0.554189E+00    0.100E+01
   79400  0.625140E+00    0.100E+01
   79600  0.588438E+00    0.100E+01
   79800  0.463641E+00    0.100E+01
   80000  0.408764E+00    0.100E+01
   80200  0.500596E+00    0.100E+01
   80400  0.573607E+00    0.100E+01
   80600  0.581079E+00    0.100E+01
   80800  0.564032E+00    0.100E+01
   81000  0.462867E+00    0.100E+01
   81200  0.344933E+00    0.100E+01
   81400  0.274468E+00    0.100E+01
   81600  0.320189E+00    0.100E+01
   81800  0.271371E+00    0.100E+01
   82000  0.872034E-01    0.100E+01
   82200 -0.302523E-01    0.100E+01
   82400 -0.613783E-01    0.100E+01
   82600 -0.773896E-01    0.100E+01
   82800 -0.178121E+00    0.100E+01
   83000 -0.113294E+00    0.100E+01
   83200 -0.421936E-01    0.100E+01
   83400  0.114627E+00    0.100E+01
   83600  0.205533E+00    0.100E+01
   83800  0.258749E+00    0.100E+01
   84000  0.363203E+00    0.100E+01
   84200  0.451211E+00    0.100E+01
   84400  0.429459E+00    0.100E+01
   84600  0.327397E+00    0.100E+01
   84800  0.216109E+00    0.100E+01
   85000  0.176847E+00    0.100E+01
   85200  0.173898E+00    0.100E+01
   85400  0.100584E+00    0.100E+01
   85600  0.418108E-01    0.100E+01
   85800  0.915692E-01    0.100E+01
   86000  0.139967E+00    0.100E+01
   86200  0.225835E+00    0.100E+01
   86400  0.346676E+00    0.100E+01
   86600  0.409483E+00    0.100E+01
   86800  0.362109E+00    0.100E+01
   87000  0.321716E+00    0.100E+01
   87200  0.201423E+00    0.100E+01
   87400  0.126357E+00    0.100E+01
   87600  0.105667E+00    0.100E+01
   87800  0.689781E-01    0.100E+01
   88000  0.239580E-01    0.100E+01
   88200 -0.520273E-02    0.100E+01
   88400  0.874531E-01    0.100E+01
   88600  0.150578E+00    0.100E+01
   88800  0.259755E+00    0.100E+01
   89000  0.332920E+00    0.100E+01
   89200  0.306186E+00    0.100E+01
   89400  0.296186E+00    0.100E+01
   89600  0.224738E+00    0.100E+01
   89800  0.229732E+00    0.100E+01
   90000  0.197561E+00    0.100E+01
   90200  0.168328E+00    0.100E+01
   90400  0.216685E+00    0.100E+01
   90600  0.314975E+00    0.100E+01
   90800  0.329300E+00    0.100E+01
   91000  0.269590E+00    0.100E+01
   91200  0.300623E+00    0.100E+01
   91400  0.417509E+00    0.100E+01
   91600  0.487743E+00    0.100E+01
   91800  0.534535E+00    0.100E+01
   92000  0.583151E+00    0.100E+01
   92200  0.650524E+00    0.100E+01
   92400  0.707230E+00    0.100E+01
   92600  0.693151E+00    0.100E+01
   92800  0.669723E+00    0.100E+01
   93000  0.706398E+00    0.100E+01
   93200  0.763118E+00    0.100E+01
   93400  0.812280E+00    0.100E+01
   93600  0.815287E+00    0.100E+01
   93800  0.875305E+00    0.100E+01
   94000  0.928364E+00    0.100E+01
   94200  0.940056E+00    0.100E+01
   94400  0.915268E+00    0.100E+01
   94600  0.817013E+00    0.100E+01
   94800  0.785238E+00    0.100E+01
   95000  0.696620E+00    0.100E+01
   95200  0.610655E+00    0.100E+01
   95400  0.559735E+00    0.100E+01
   95600  0.484830E+00    0.100E+01
   95800  0.297991E+00    0.100E+01
   96000  0.172032E+00    0.100E+01
   96200  0.147975E+00    0.100E+01
   96400  0.240101E+00    0.100E+01
   96600  0.398329E+00    0.100E+01
   96800  0.453318E+00    0.100E+01
   97000  0.459926E+00    0.100E+01
   97200  0.559023E+00    0.100E+01
   97400  0.544030E+00    0.100E+01
   97600  0.473407E+00    0.100E+01
   97800  0.492243E+00    0.100E+01
   98000  0.588393E+00    0.100E+01
   98200  0.542609E+00    0.100E+01
   98400  0.509775E+00    0.100E+01
   98600  0.514666E+00    0.100E+01
   98800  0.530884E+00    0.100E+01
   99000  0.528840E+00    0.100E+01
   99200  0.524284E+00    0.100E+01
   99400  0.484301E+00    0.100E+01
   99600  0.479036E+00    0.100E+01
   99800  0.476989E+00    0.100E+01
  100000  0.414471E+00    0.100E+01
  100200  0.293878E+00    0.100E+01
  100400  0.220299E+00    0.100E+01
  100600  0.244274E+00    0.100E+01
  100800  0.265301E+00    0.100E+01
  101000  0.266780E+00    0.100E+01
  101200  0.270629E+00    0.100E+01
  101400  0.374151E+00    0.100E+01
  101600  0.423421E+00    0.100E+01
  101800  0.357189E+00    0.100E+01
  102000  0.300423E+00    0.100E+01
  102200  0.324754E+00    0.100E+01
  102400  0.339669E+00    0.100E+01
  102600  0.395637E+00    0.100E+01
  102800  0.350421E+00    0.100E+01
  103000  0.391164E+00    0.100E+01
  103200  0.426174E+00    0.100E+01
  103400  0.331729E+00    0.100E+01
  103600  0.265540E+00    0.100E+01
  103800  0.223493E+00    0.100E+01
  104000  0.161739E+00    0.100E+01
  104200  0.724143E-01    0.100E+01
  104400  0.345442E-01    0.100E+01
  104600  0.776527E-02    0.100E+01
  104800 -0.408871E-01    0.100E+01
  105000 -0.505930E-01    0.100E+01
  105200  0.142667E+00    0.100E+01
  105400  0.348054E+00    0.100E+01
  105600  0.537797E+00    0.100E+01
  105800  0.538936E+00    0.100E+01
  106000  0.549841E+00    0.100E+01
  106200  0.560743E+00    0.100E+01
  106400  0.557017E+00    0.100E+01
  106600  0.607286E+00    0.100E+01
  106800  0.594323E+00    0.100E+01
  107000  0.525408E+00    0.100E+01
  107200  0.452652E+00    0.100E+01
  107400  0.459052E+00    0.100E+01
  107600  0.306291E+00    0.100E+01
  107800  0.228604E+00    0.100E+01
  108000  0.208746E+00    0.100E+01
  108200  0.274057E+00    0.100E+01
  108400  0.375635E+00    0.100E+01
  108600  0.435913E+00    0.100E+01
  108800  0.374732E+00    0.100E+01
  109000  0.273231E+00    0.100E+01
  109200  0.210445E+00    0.100E+01
  109400  0.287975E+00    0.100E+01
  109600  0.236914E+00    0.100E+01
  109800  0.150291E+00    0.100E+01
  110000  0.907933E-01    0.100E+01
  110200  0.735994E-01    0.100E+01
  110400  0.101366E+00    0.100E+01
  110600  0.538106E-01    0.100E+01
  110820  0.764732E-01    0.100E+01
  111020  0.779027E-01    0.100E+01
  111220  0.152827E-02    0.100E+01
  111420 -0.138962E+00    0.100E+01
  111620 -0.144464E+00    0.100E+01
  111820 -0.714273E-01    0.100E+01
  112040  0.248139E-01    0.100E+01
  112240  0.310890E-01    0.100E+01
  112440  0.868349E-01    0.100E+01
  112640  0.147273E+00    0.100E+01
  112840  0.135688E+00    0.100E+01
  113040  0.101191E+00    0.100E+01
  113240  0.251572E+00    0.100E+01
  113440  0.411960E+00    0.100E+01
  113660  0.526207E+00    0.100E+01
  113860  0.523769E+00    0.100E+01
  114060  0.427830E+00    0.100E+01
  114260  0.332594E+00    0.100E+01
  114460  0.251367E+00    0.100E+01
  114660  0.131829E+00    0.100E+01
  114860  0.523606E-01    0.100E+01
  115060  0.567232E-02    0.100E+01
  115260  0.105358E+00    0.100E+01
  115460  0.225042E+00    0.100E+01
  115660  0.265680E+00    0.100E+01
  115860  0.333222E+00    0.100E+01
  116060  0.418564E+00    0.100E+01
  116260  0.395729E+00    0.100E+01
  116460  0.338386E+00    0.100E+01
  116660  0.386685E+00    0.100E+01
  116860  0.461628E+00    0.100E+01
  117060  0.389183E+00    0.100E+01
  117260  0.378801E+00    0.100E+01
  117460  0.469848E+00    0.100E+01
  117660  0.543037E+00    0.100E+01
  117860  0.559685E+00    0.100E+01
  118060  0.457805E+00    0.100E+01
  118260  0.386676E+00    0.100E+01
  118460  0.416216E+00    0.100E+01
  118660  0.505786E+00    0.100E+01
  118860  0.583101E+00    0.100E+01
  119060  0.684182E+00    0.100E+01
  119260  0.822829E+00    0.100E+01
  119460  0.951273E+00    0.100E+01
  119660  0.932875E+00    0.100E+01
  119860  0.811805E+00    0.100E+01
  120060  0.643476E+00    0.100E+01
  120260  0.599246E+00    0.100E+01
  120460  0.699097E+00    0.100E+01
  120660  0.727147E+00    0.100E+01
  120860  0.677746E+00    0.100E+01
  121060  0.616533E+00    0.100E+01
  121260  0.597779E+00    0.100E+01
  121460  0.605138E+00    0.100E+01
  121660  0.593595E+00    0.100E+01
  121860  0.529401E+00    0.100E+01
  122060  0.515981E+00    0.100E+01
  122260  0.511173E+00    0.100E+01
  122600  0.372616E+00    0.100E+01
  122800  0.215414E+00    0.100E+01
  123000  0.732983E-01    0.100E+01
  123200  0.157577E-01    0.100E+01
  123400 -0.781668E-01    0.100E+01
  123600 -0.115087E+00    0.100E+01
  123800 -0.160232E+00    0.100E+01
  124000 -0.173077E+00    0.100E+01
  124200 -0.166514E+00    0.100E+01
  124400 -0.107900E+00    0.100E+01
  124600  0.239096E-01    0.100E+01
  124800  0.203528E-01    0.100E+01
  125000 -0.418772E-01    0.100E+01
  125200 -0.115632E-01    0.100E+01
  125400  0.625829E-01    0.100E+01
  125600  0.766866E-01    0.100E+01
  125800  0.265656E-01    0.100E+01
  126000  0.568141E-01    0.100E+01
  126200  0.226721E-01    0.100E+01
  126400  0.423502E-01    0.100E+01
  126600  0.285958E-01    0.100E+01
  126800  0.114231E+00    0.100E+01
  127000  0.301649E+00    0.100E+01
  127200  0.459971E+00    0.100E+01
  127400  0.658335E+00    0.100E+01
  127600  0.784715E+00    0.100E+01
  127800  0.833357E+00    0.100E+01
  128000  0.830243E+00    0.100E+01
  128200  0.787611E+00    0.100E+01
  128400  0.660114E+00    0.100E+01
  128600  0.549945E+00    0.100E+01
  128800  0.529038E+00    0.100E+01
  129000  0.466513E+00    0.100E+01
  129200  0.396856E+00    0.100E+01
  129400  0.441360E+00    0.100E+01
  129600  0.387601E+00    0.100E+01
  129800  0.315398E+00    0.100E+01
  130000  0.296567E+00    0.100E+01
  130200  0.406173E+00    0.100E+01
  130400  0.469880E+00    0.100E+01
  130600  0.504027E+00    0.100E+01
  130800  0.591389E+00    0.100E+01
  131000  0.623549E+00    0.100E+01
  131200  0.656598E+00    0.100E+01
  131400  0.727516E+00    0.100E+01
  131600  0.780726E+00    0.100E+01
  131800  0.665257E+00    0.100E+01
  132000  0.437625E+00    0.100E+01
  132200  0.227736E+00    0.100E+01
  132400  0.141288E+00    0.100E+01
  132600  0.130922E+00    0.100E+01
  132800  0.813806E-01    0.100E+01
  133000  0.130615E+00    0.100E+01
  133200  0.240792E+00    0.100E+01
  133400  0.369649E+00    0.100E+01
  133600  0.415405E+00    0.100E+01
  133800  0.381801E+00    0.100E+01
  134000  0.418944E+00    0.100E+01
  134200  0.434231E+00    0.100E+01
  134400  0.371084E+00    0.100E+01
  134600  0.248311E+00    0.100E+01
  134800  0.139053E+00    0.100E+01
  135000  0.124406E+00    0.100E+01
  135220  0.178455E+00    0.100E+01
  135420  0.181098E+00    0.100E+01
  135620  0.207865E+00    0.100E+01
  135820  0.281411E+00    0.100E+01
  136020  0.327248E+00    0.100E+01
  136220  0.380961E+00    0.100E+01
  136420  0.436853E+00    0.100E+01
  136620  0.412273E+00    0.100E+01
  136820  0.295347E+00    0.100E+01
  137020  0.208663E+00    0.100E+01
  137220  0.997608E-01    0.100E+01
  137420  0.532886E-01    0.100E+01
  137620  0.832502E-01    0.100E+01
  137820  0.139739E+00    0.100E+01
  138020  0.195281E+00    0.100E+01
  138220  0.196568E+00    0.100E+01
  138420  0.275623E+00    0.100E+01
  138620  0.330289E+00    0.100E+01
  138820  0.362291E+00    0.100E+01
  139020  0.373054E+00    0.100E+01
  139220  0.327207E+00    0.100E+01
  139420  0.300161E+00    0.100E+01
  139620  0.219110E+00    0.100E+01
  139820  0.182514E+00    0.100E+01
  140020  0.128381E+00    0.100E+01
  140220  0.996779E-01    0.100E+01
  140420  0.153208E+00    0.100E+01
  140620  0.251570E+00    0.100E+01
  140820  0.287174E+00    0.100E+01
  141020  0.252120E+00    0.100E+01
  141220  0.299614E+00    0.100E+01
  141420  0.394853E+00    0.100E+01
  141620  0.440953E+00    0.100E+01
  141820  0.439483E+00    0.100E+01
  142020  0.456056E+00    0.100E+01
  142220  0.561999E+00    0.100E+01
  142420  0.568728E+00    0.100E+01
  142620  0.530663E+00    0.100E+01
  142820  0.480867E+00    0.100E+01
  143020  0.485800E+00    0.100E+01
  143220  0.530886E+00    0.100E+01
  143420  0.568636E+00    0.100E+01
  143620  0.559013E+00    0.100E+01
  143820  0.610433E+00    0.100E+01
  144020  0.736331E+00    0.100E+01
  144220  0.864827E+00    0.100E+01
  144420  0.958629E+00    0.100E+01
  144620  0.960590E+00    0.100E+01
  144820  0.994289E+00    0.100E+01
  145020  0.970716E+00    0.100E+01
  145220  0.861860E+00    0.100E+01
  145420  0.807264E+00    0.100E+01
  145620  0.698163E+00    0.100E+01
  145820  0.505975E+00    0.100E+01
  146020  0.343129E+00    0.100E+01
  146220  0.251094E+00    0.100E+01
  146420  0.326867E+00    0.100E+01
  146620  0.407314E+00    0.100E+01
  146820  0.410512E+00    0.100E+01
  147020  0.396606E+00    0.100E+01
  147220  0.464370E+00    0.100E+01
  147420  0.473038E+00    0.100E+01
  147620  0.411633E+00    0.100E+01
  147820  0.426499E+00    0.100E+01
  148020  0.485533E+00    0.100E+01
  148220  0.512802E+00    0.100E+01
  148420  0.567972E+00    0.100E+01
  148620  0.589086E+00    0.100E+01
  148820  0.653891E+00    0.100E+01
  149020  0.715520E+00    0.100E+01
  149220  0.727872E+00    0.100E+01
  149420  0.653331E+00    0.100E+01
  149620  0.697635E+00    0.100E+01
  149820  0.738510E+00    0.100E+01
  150020  0.730366E+00    0.100E+01
  150220  0.615694E+00    0.100E+01
  150420  0.546297E+00    0.100E+01
  150620  0.506270E+00    0.100E+01
  150820  0.439284E+00    0.100E+01
  151020  0.335169E+00    0.100E+01
  151220  0.228908E+00    0.100E+01
  151420  0.262457E+00    0.100E+01
  151620  0.285916E+00    0.100E+01
  151820  0.251840E+00    0.100E+01
  152020  0.197818E+00    0.100E+01
  152220  0.217838E+00    0.100E+01
  152420  0.221210E+00    0.100E+01
  152620  0.226668E+00    0.100E+01
  152820  0.156379E+00    0.100E+01
  153020  0.193020E+00    0.100E+01
  153220  0.214938E+00    0.100E+01
  153420  0.167112E+00    0.100E+01
  153620  0.123633E+00    0.100E+01
  153820  0.132600E+00    0.100E+01
  154020  0.981641E-01    0.100E+01
  154220  0.586973E-01    0.100E+01
  154420  0.440167E-01    0.100E+01
  154620 -0.316102E-01    0.100E+01
  154820 -0.149591E+00    0.100E+01
  155020 -0.174324E+00    0.100E+01
  155220  0.344026E-01    0.100E+01
  155420  0.237758E+00    0.100E+01
  155620  0.426615E+00    0.100E+01
  155820  0.410602E+00    0.100E+01
  156020  0.383759E+00    0.100E+01
  156220  0.386016E+00    0.100E+01
  156420  0.374552E+00    0.100E+01
  156620  0.422136E+00    0.100E+01
  156820  0.356725E+00    0.100E+01
  157020  0.230506E+00    0.100E+01
  157220  0.205900E+00    0.100E+01
  157420  0.317249E+00    0.100E+01
  157620  0.253483E+00    0.100E+01
  157820  0.258365E+00    0.100E+01
  158020  0.293496E+00    0.100E+01
  158220  0.386917E+00    0.100E+01
  158420  0.468107E+00    0.100E+01
  158620  0.517497E+00    0.100E+01
  158820  0.502833E+00    0.100E+01
  159020  0.433365E+00    0.100E+01
  159220  0.357601E+00    0.100E+01
  159420  0.401166E+00    0.100E+01
  159620  0.280878E+00    0.100E+01
  159820  0.179486E+00    0.100E+01
  160020  0.172968E+00    0.100E+01
  160220  0.208454E+00    0.100E+01
  160420  0.297497E+00    0.100E+01
  160620  0.304603E+00    0.100E+01
  160820  0.331459E+00    0.100E+01
  161020  0.308161E+00    0.100E+01
  161220  0.219048E+00    0.100E+01
  161420  0.856376E-01    0.100E+01
  161620  0.666718E-01    0.100E+01
  161820  0.111876E+00    0.100E+01
  162020  0.211672E+00    0.100E+01
  162220  0.190044E+00    0.100E+01
  162420  0.215141E+00    0.100E+01
  162620  0.229842E+00    0.100E+01
  162820  0.216387E+00    0.100E+01
  163020  0.157029E+00    0.100E+01
  163220  0.290357E+00    0.100E+01
  163420  0.437252E+00    0.100E+01
  163620  0.552588E+00    0.100E+01
  163820  0.570316E+00    0.100E+01
  164020  0.488985E+00    0.100E+01
  164220  0.418547E+00    0.100E+01
  164420  0.325913E+00    0.100E+01
  164620  0.173957E+00    0.100E+01
  164820  0.739795E-01    0.100E+01
  165020 -0.162695E-01    0.100E+01
  165220 -0.203519E-01    0.100E+01
  165420  0.935259E-02    0.100E+01
  165620 -0.635047E-01    0.100E+01
  165820 -0.659459E-01    0.100E+01
  166020 -0.334133E-01    0.100E+01
  166220 -0.733277E-01    0.100E+01
  166420 -0.130948E+00    0.100E+01
  166620 -0.111518E+00    0.100E+01
  166820  0.168833E-01    0.100E+01
  167020 -0.268405E-02    0.100E+01
  167220 -0.193839E-01    0.100E+01
  167420  0.216521E-01    0.100E+01
  167620  0.134155E+00    0.100E+01
  167820  0.215504E+00    0.100E+01
  168020  0.147260E+00    0.100E+01
  168220  0.124086E+00    0.100E+01
  168420  0.171735E+00    0.100E+01
  168620  0.318866E+00    0.100E+01
  168820  0.431957E+00    0.100E+01
  169020  0.473354E+00    0.100E+01
  169220  0.589528E+00    0.100E+01
  169420  0.782925E+00    0.100E+01
  169620  0.874462E+00    0.100E+01
  169820  0.850004E+00    0.100E+01
  170020  0.778388E+00    0.100E+01
  170220  0.675003E+00    0.100E+01
  170440  0.702898E+00    0.100E+01
  170640  0.695043E+00    0.100E+01
  170840  0.651988E+00    0.100E+01
  171040  0.597250E+00    0.100E+01
  171240  0.545243E+00    0.100E+01
  171440  0.528154E+00    0.100E+01
  171640  0.505190E+00    0.100E+01
  171840  0.432772E+00    0.100E+01
  172040  0.406971E+00    0.100E+01
  172240  0.391420E+00    0.100E+01
