   22600      0.126524      0.050000      0.001000
   22800      0.004431      0.050000      0.000996
   23000      0.087439      0.050000      0.000907
   23200      0.131559      0.050000      0.000897
   23400      0.075585      0.050000      0.000977
   23600      0.013099      0.050000      0.000970
   23800      0.122904      0.050000      0.000896
   24000      0.092309      0.050000      0.000858
   24200      0.048169      0.050000      0.000810
   24400      0.030059      0.050000      0.000772
   24600      0.013498      0.050000      0.000711
   24800      0.119923      0.050000      0.000668
   25000      0.028305      0.050000      0.000784
   25200      0.089923      0.050000      0.000747
   25400      0.069233      0.050000      0.000676
   25600      0.012317      0.050000      0.000607
   25800      0.007350      0.050000      0.000570
   26000      0.118721      0.050000      0.000541
   26200      0.056485      0.050000      0.000836
   26400      0.021530      0.050000      0.000929
   26600      0.102552      0.050000      0.000808
   26800      0.140970      0.050000      0.000579
   27000      0.145357      0.050000      0.000627
   27200      0.188254      0.050000      0.000809
   27400      0.003865      0.050000      0.001000
   27600      0.202843      0.050000      0.000909
   27800      0.129038      0.050000      0.000729
   28000      0.076651      0.050000      0.000594
   28200      0.085832      0.050000      0.000634
   28400      0.008731      0.050000      0.000749
   28600      0.001113      0.050000      0.000671
   28800      0.047852      0.050000      0.000632
   29000      0.064645      0.050000      0.000777
   29200      0.049500      0.050000      0.000868
   29400      0.008004      0.050000      0.000740
   29600      0.025417      0.050000      0.000669
   29800      0.006510      0.050000      0.000687
   30000      0.005205      0.050000      0.000630
   30200      0.052969      0.050000      0.000603
   30400      0.002835      0.050000      0.000684
   30600      0.006631      0.050000      0.000646
   30800      0.103027      0.050000      0.000596
   31000      0.223312      0.050000      0.000496
   31200      0.015396      0.050000      0.000516
   31400      0.146381      0.050000      0.000506
   31600      0.133459      0.050000      0.000509
   31800      0.146902      0.050000      0.000494
   32000      0.078186      0.050000      0.000574
   32200      0.021403      0.050000      0.000713
   32400      0.017730      0.050000      0.000717
   32600      0.061624      0.050000      0.000720
   32800      0.018456      0.050000      0.000894
   33000      0.090698      0.050000      0.000766
   33200      0.162808      0.050000      0.000574
   33400      0.177350      0.050000      0.000439
   33600      0.086392      0.050000      0.000496
   33800      0.029294      0.050000      0.000500
   34000      0.021901      0.050000      0.000498
   34200      0.030653      0.050000      0.000476
   34400      0.005395      0.050000      0.000453
   34600      0.053086      0.050000      0.000433
   34800      0.138627      0.050000      0.000410
   35000      0.029476      0.050000      0.000501
   35200      0.020051      0.050000      0.000509
   35400      0.095400      0.050000      0.000499
   35600      0.129454      0.050000      0.000412
   35800      0.151485      0.050000      0.000399
   36000      0.049279      0.050000      0.000445
   36200      0.012515      0.050000      0.000473
   36400      0.044749      0.050000      0.000466
   36600      0.104289      0.050000      0.000521
   36800      0.173849      0.050000      0.000404
   37000      0.169660      0.050000      0.000380
   37200      0.052390      0.050000      0.000446
   37400      0.070590      0.050000      0.000475
   37600      0.082700      0.050000      0.000406
   37800      0.075128      0.050000      0.000371
   38000      0.049966      0.050000      0.000363
   38220      0.014681      0.050000      0.000351
   38420      0.147727      0.050000      0.000338
   38620      0.016920      0.050000      0.000398
   38820      0.086247      0.050000      0.000388
   39020      0.049943      0.050000      0.000336
   39220      0.016369      0.050000      0.000363
   39420      0.049041      0.050000      0.000358
   39620      0.023943      0.050000      0.000321
   39820      0.137979      0.050000      0.000304
   40020      0.109484      0.050000      0.000369
   40220      0.054523      0.050000      0.000470
   40420      0.086225      0.050000      0.000585
   40620      0.038122      0.050000      0.000865
   40820      0.019265      0.050000      0.000684
   41020      0.134889      0.050000      0.000589
   41220      0.149601      0.050000      0.000391
   41420      0.083329      0.050000      0.000308
   41620      0.090851      0.050000      0.000309
   41820      0.165800      0.050000      0.000352
   42020      0.174296      0.050000      0.000558
   42220      0.125118      0.050000      0.000997
   42420      0.082768      0.050000      0.000716
   42620      0.095851      0.050000      0.000446
   42820      0.024464      0.050000      0.000358
   43020      0.006841      0.050000      0.000334
   43220      0.042197      0.050000      0.000326
   43420      0.113388      0.050000      0.000312
   43620      0.029754      0.050000      0.000282
   43820      0.028308      0.050000      0.000286
   44020      0.053590      0.050000      0.000297
   44220      0.068939      0.050000      0.000265
   44420      0.153981      0.050000      0.000292
   44620      0.080242      0.050000      0.000366
   44820      0.041882      0.050000      0.000474
   45020      0.124480      0.050000      0.000384
   45220      0.062954      0.050000      0.000296
   45420      0.012634      0.050000      0.000283
   45620      0.069553      0.050000      0.000269
   45820      0.177225      0.050000      0.000253
   46020      0.052541      0.050000      0.000378
   46220      0.149537      0.050000      0.000339
   46420      0.098234      0.050000      0.000242
   46620      0.017514      0.050000      0.000277
   46820      0.017107      0.050000      0.000267
   47020      0.134882      0.050000      0.000255
   47220      0.216128      0.050000      0.000330
   47440      0.002411      0.050000      0.000890
   47640      0.102063      0.050000      0.000815
   47840      0.039967      0.050000      0.000503
   48040      0.019363      0.050000      0.000387
   48240      0.009750      0.050000      0.000349
   48440      0.105292      0.050000      0.000348
   48640      0.037421      0.050000      0.000659
   48840      0.047197      0.050000      0.000704
   49040      0.009383      0.050000      0.000564
   49240      0.055942      0.050000      0.000557
   49440      0.057476      0.050000      0.000402
   49640      0.023953      0.050000      0.000521
   49840      0.020420      0.050000      0.000552
   50040      0.095040      0.050000      0.000480
   50240      0.167183      0.050000      0.000327
   50440      0.138335      0.050000      0.000259
   50640      0.166159      0.050000      0.000242
   50840      0.060120      0.050000      0.000354
   51040      0.009632      0.050000      0.000406
   51240      0.062626      0.050000      0.000405
   51440      0.095794      0.050000      0.000333
   51640      0.032512      0.050000      0.000297
   51840      0.028015      0.050000      0.000303
   52040      0.127884      0.050000      0.000284
   52240      0.043630      0.050000      0.000227
   52440      0.051534      0.050000      0.000239
   52640      0.102908      0.050000      0.000218
   52840      0.104203      0.050000      0.000267
   53040      0.012417      0.050000      0.000312
   53240      0.064680      0.050000      0.000297
   53440      0.020072      0.050000      0.000268
   53640      0.050818      0.050000      0.000268
   53840      0.100764      0.050000      0.000284
   54040      0.106576      0.050000      0.000432
   54240      0.025878      0.050000      0.000765
   54440      0.061349      0.050000      0.000622
   54640      0.116529      0.050000      0.000443
   54840      0.139957      0.050000      0.000276
   55040      0.076207      0.050000      0.000233
   55240      0.129217      0.050000      0.000213
   55440      0.048559      0.050000      0.000270
   55640      0.049394      0.050000      0.000292
   55840      0.038902      0.050000      0.000258
   56040      0.069800      0.050000      0.000237
   56240      0.053854      0.050000      0.000214
   56440      0.100396      0.050000      0.000205
   56640      0.007754      0.050000      0.000246
   56840      0.014868      0.050000      0.000242
   57040      0.067430      0.050000      0.000240
   57240      0.012891      0.050000      0.000221
   57440      0.054388      0.050000      0.000220
   57640      0.018786      0.050000      0.000230
   57840      0.020031      0.050000      0.000233
   58040      0.056690      0.050000      0.000239
   58240      0.063163      0.050000      0.000291
   58440      0.020627      0.050000      0.000386
   58640      0.041875      0.050000      0.000414
   58840      0.087917      0.050000      0.000504
   59040      0.056547      0.050000      0.000846
   59240      0.052350      0.050000      0.000568
   59440      0.074013      0.050000      0.000410
   59640      0.056381      0.050000      0.000304
   59840      0.023956      0.050000      0.000247
   60040      0.052370      0.050000      0.000260
   60240      0.004832      0.050000      0.000221
   60440      0.046327      0.050000      0.000215
   60640      0.075661      0.050000      0.000206
   60840      0.016585      0.050000      0.000203
   61040      0.040166      0.050000      0.000196
   61240      0.030551      0.050000      0.000200
   61440      0.044865      0.050000      0.000197
   61640      0.048781      0.050000      0.000192
   61840      0.038798      0.050000      0.000185
   62040      0.026556      0.050000      0.000194
   62240      0.071199      0.050000      0.000181
   62440      0.001949      0.050000      0.000214
   62640      0.009915      0.050000      0.000211
   62840      0.061580      0.050000      0.000210
   63040      0.101221      0.050000      0.000239
   63240      0.041014      0.050000      0.000295
   63440      0.086369      0.050000      0.000273
   63640      0.069602      0.050000      0.000215
   63840      0.082552      0.050000      0.000189
   64040      0.069519      0.050000      0.000176
   64240      0.048274      0.050000      0.000189
   64460      0.004729      0.050000      0.000195
   64660      0.057622      0.050000      0.000193
   64860      0.027352      0.050000      0.000227
   65060      0.061105      0.050000      0.000251
   65260      0.027057      0.050000      0.000328
   65460      0.066848      0.050000      0.000362
   65660      0.067415      0.050000      0.000537
   65860      0.036829      0.050000      0.000805
   66060      0.086990      0.050000      0.000604
   66260      0.086095      0.050000      0.000354
   66460      0.196981      0.050000      0.000250
   66660      0.078217      0.050000      0.000176
   66860      0.066808      0.050000      0.000173
   67060      0.071761      0.050000      0.000198
   67260      0.043726      0.050000      0.000234
   67460      0.001678      0.050000      0.000260
   67660      0.081496      0.050000      0.000252
   67860      0.089030      0.050000      0.000201
   68060      0.014353      0.050000      0.000171
   68260      0.059255      0.050000      0.000174
   68460      0.004677      0.050000      0.000190
   68660      0.016351      0.050000      0.000188
   68860      0.110224      0.050000      0.000180
   69060      0.133910      0.050000      0.000244
   69260      0.099858      0.050000      0.000394
   69460      0.088409      0.050000      0.000644
   69660      0.019587      0.050000      0.000925
   69860      0.126490      0.050000      0.000802
   70060      0.092647      0.050000      0.000446
   70260      0.024103      0.050000      0.000301
   70460      0.019330      0.050000      0.000270
   70660      0.006043      0.050000      0.000281
   70860      0.143199      0.050000      0.000267
   71060      0.106409      0.050000      0.000191
   71260      0.095697      0.050000      0.000162
   71460      0.093575      0.050000      0.000174
   71660      0.056198      0.050000      0.000186
   71860      0.056685      0.050000      0.000175
   72060      0.114104      0.050000      0.000165
   72260      0.031989      0.050000      0.000167
   72600      0.235975      0.050000      0.000156
   72800      0.191048      0.050000      0.000206
   73000      0.054439      0.050000      0.000479
   73200      0.024546      0.050000      0.000663
   73400      0.074576      0.050000      0.000728
   73600      0.078321      0.050000      0.000443
   73800      0.077398      0.050000      0.000313
   74000      0.027030      0.050000      0.000234
   74200      0.020627      0.050000      0.000207
   74400      0.097246      0.050000      0.000190
   74600      0.005625      0.050000      0.000169
   74800      0.049341      0.050000      0.000167
   75000      0.056364      0.050000      0.000170
   75200      0.060716      0.050000      0.000162
   75400      0.046336      0.050000      0.000156
   75600      0.095702      0.050000      0.000158
   75800      0.017906      0.050000      0.000174
   76000      0.112224      0.050000      0.000181
   76200      0.004167      0.050000      0.000287
   76400      0.002905      0.050000      0.000284
   76600      0.096330      0.050000      0.000273
   76800      0.141903      0.050000      0.000187
   77000      0.153978      0.050000      0.000155
   77200      0.197195      0.050000      0.000165
   77400      0.115424      0.050000      0.000257
   77600      0.076123      0.050000      0.000438
   77800      0.012838      0.050000      0.000631
   78000      0.084048      0.050000      0.000629
   78200      0.093554      0.050000      0.000415
   78400      0.161983      0.050000      0.000277
   78600      0.010442      0.050000      0.000187
   78800      0.013150      0.050000      0.000190
   79000      0.043836      0.050000      0.000196
   79200      0.070951      0.050000      0.000219
   79400      0.036703      0.050000      0.000244
   79600      0.124797      0.050000      0.000220
   79800      0.054877      0.050000      0.000166
   80000      0.091832      0.050000      0.000156
   80200      0.073011      0.050000      0.000180
   80400      0.007472      0.050000      0.000211
   80600      0.017047      0.050000      0.000209
   80800      0.101165      0.050000      0.000201
   81000      0.117934      0.050000      0.000159
   81200      0.070465      0.050000      0.000146
   81400      0.045722      0.050000      0.000151
   81600      0.048818      0.050000      0.000145
   81800      0.184168      0.050000      0.000148
   82000      0.117456      0.050000      0.000217
   82200      0.031126      0.050000      0.000354
   82400      0.016011      0.050000      0.000414
   82600      0.100732      0.050000      0.000443
   82800      0.064827      0.050000      0.000858
   83000      0.071101      0.050000      0.000538
   83200      0.156820      0.050000      0.000335
   83400      0.090906      0.050000      0.000191
   83600      0.053217      0.050000      0.000153
   83800      0.104453      0.050000      0.000146
   84000      0.088008      0.050000      0.000142
   84200      0.021752      0.050000      0.000154
   84400      0.102062      0.050000      0.000149
   84600      0.111288      0.050000      0.000138
   84800      0.039261      0.050000      0.000148
   85000      0.002950      0.050000      0.000154
   85200      0.073314      0.050000      0.000153
   85400      0.058773      0.050000      0.000196
   85600      0.049758      0.050000      0.000242
   85800      0.048398      0.050000      0.000197
   86000      0.085868      0.050000      0.000161
   86200      0.120840      0.050000      0.000141
   86400      0.062808      0.050000      0.000136
   86600      0.047375      0.050000      0.000144
   86800      0.040393      0.050000      0.000134
   87000      0.120293      0.050000      0.000133
   87200      0.075066      0.050000      0.000141
   87400      0.020690      0.050000      0.000165
   87600      0.036689      0.050000      0.000177
   87800      0.045020      0.050000      0.000206
   88000      0.029161      0.050000      0.000244
   88200      0.092656      0.050000      0.000268
   88400      0.063125      0.050000      0.000183
   88600      0.109177      0.050000      0.000146
   88800      0.073165      0.050000      0.000136
   89000      0.026735      0.050000      0.000130
   89200      0.010000      0.050000      0.000131
   89400      0.071448      0.050000      0.000130
   89600      0.004994      0.050000      0.000134
   89800      0.032171      0.050000      0.000132
   90000      0.029233      0.050000      0.000133
   90200      0.048358      0.050000      0.000136
   90400      0.098290      0.050000      0.000128
   90600      0.014325      0.050000      0.000126
   90800      0.059710      0.050000      0.000124
   91000      0.031033      0.050000      0.000125
   91200      0.116886      0.050000      0.000122
   91400      0.070234      0.050000      0.000140
   91600      0.046792      0.050000      0.000160
   91800      0.048616      0.050000      0.000185
   92000      0.067373      0.050000      0.000199
   92200      0.056706      0.050000      0.000255
   92400      0.014078      0.050000      0.000339
   92600      0.023428      0.050000      0.000307
   92800      0.036675      0.050000      0.000265
   93000      0.056720      0.050000      0.000312
   93200      0.049162      0.050000      0.000413
   93400      0.003007      0.050000      0.000531
   93600      0.060018      0.050000      0.000513
   93800      0.053059      0.050000      0.000701
   94000      0.011692      0.050000      0.000867
   94200      0.024788      0.050000      0.000833
   94400      0.098255      0.050000      0.000704
   94600      0.031775      0.050000      0.000467
   94800      0.088618      0.050000      0.000395
   95000      0.085965      0.050000      0.000279
   95200      0.050920      0.050000      0.000198
   95400      0.074905      0.050000      0.000184
   95600      0.186839      0.050000      0.000153
   95800      0.125959      0.050000      0.000121
   96000      0.024057      0.050000      0.000132
   96200      0.092126      0.050000      0.000139
   96400      0.158228      0.050000      0.000122
   96600      0.054989      0.050000      0.000133
   96800      0.006608      0.050000      0.000141
   97000      0.099097      0.050000      0.000140
   97200      0.014993      0.050000      0.000179
   97400      0.070623      0.050000      0.000173
   97600      0.018835      0.050000      0.000141
   97800      0.096150      0.050000      0.000146
   98000      0.045784      0.050000      0.000180
   98200      0.032834      0.050000      0.000165
   98400      0.004891      0.050000      0.000150
   98600      0.016218      0.050000      0.000150
   98800      0.002044      0.050000      0.000155
   99000      0.004556      0.050000      0.000152
   99200      0.039983      0.050000      0.000148
   99400      0.005265      0.050000      0.000132
   99600      0.002046      0.050000      0.000129
   99800      0.062519      0.050000      0.000127
  100000      0.120593      0.050000      0.000127
  100200      0.073579      0.050000      0.000119
  100400      0.023975      0.050000      0.000121
  100600      0.021027      0.050000      0.000118
  100800      0.001480      0.050000      0.000116
  101000      0.003848      0.050000      0.000115
  101200      0.103522      0.050000      0.000114
  101400      0.049270      0.050000      0.000121
  101600      0.066232      0.050000      0.000125
  101800      0.056766      0.050000      0.000116
  102000      0.024331      0.050000      0.000112
  102200      0.014914      0.050000      0.000111
  102400      0.055969      0.050000      0.000111
  102600      0.045216      0.050000      0.000120
  102800      0.040743      0.050000      0.000110
  103000      0.035010      0.050000      0.000117
  103200      0.094445      0.050000      0.000119
  103400      0.066189      0.050000      0.000106
  103600      0.042047      0.050000      0.000110
  103800      0.061753      0.050000      0.000114
  104000      0.089325      0.050000      0.000129
  104200      0.037870      0.050000      0.000188
  104400      0.026779      0.050000      0.000218
  104600      0.048652      0.050000      0.000240
  104800      0.009706      0.050000      0.000303
  105000      0.193260      0.050000      0.000313
  105200      0.205387      0.050000      0.000135
  105400      0.189743      0.050000      0.000106
  105600      0.001139      0.050000      0.000147
  105800      0.010905      0.050000      0.000146
  106000      0.010901      0.050000      0.000149
  106200      0.003726      0.050000      0.000151
  106400      0.050269      0.050000      0.000147
  106600      0.012962      0.050000      0.000173
  106800      0.068915      0.050000      0.000161
  107000      0.072756      0.050000      0.000132
  107200      0.006400      0.050000      0.000117
  107400      0.152761      0.050000      0.000116
  107600      0.077687      0.050000      0.000104
  107800      0.019858      0.050000      0.000111
  108000      0.065311      0.050000      0.000113
  108200      0.101578      0.050000      0.000104
  108400      0.060279      0.050000      0.000108
  108600      0.061181      0.050000      0.000114
  108800      0.101501      0.050000      0.000106
  109000      0.062785      0.050000      0.000103
  109200      0.077530      0.050000      0.000110
  109400      0.051061      0.050000      0.000101
  109600      0.086623      0.050000      0.000104
  109800      0.059498      0.050000      0.000127
  110000      0.017194      0.050000      0.000164
  110200      0.027767      0.050000      0.000174
  110400      0.047556      0.050000      0.000151
  110600      0.022663      0.050000      0.000185
  110820      0.001429      0.050000      0.000164
  111020      0.076374      0.050000      0.000161
  111220      0.140490      0.050000      0.000226
  111420      0.005502      0.050000      0.000600
  111620      0.073037      0.050000      0.000590
  111820      0.096241      0.050000      0.000333
  112040      0.006275      0.050000      0.000197
  112240      0.055746      0.050000      0.000188
  112440      0.060439      0.050000      0.000149
  112640      0.011585      0.050000      0.000121
  112840      0.034497      0.050000      0.000124
  113040      0.150381      0.050000      0.000137
  113240      0.160388      0.050000      0.000101
  113440      0.114248      0.050000      0.000111
  113660      0.002439      0.050000      0.000129
  113860      0.095938      0.050000      0.000126
  114060      0.095236      0.050000      0.000111
  114260      0.081227      0.050000      0.000098
  114460      0.119538      0.050000      0.000100
  114660      0.079468      0.050000      0.000122
  114860      0.046688      0.050000      0.000165
  115060      0.099686      0.050000      0.000204
  115260      0.119684      0.050000      0.000130
  115460      0.040638      0.050000      0.000101
  115660      0.067542      0.050000      0.000097
  115860      0.085342      0.050000      0.000097
  116060      0.022835      0.050000      0.000109
  116260      0.057342      0.050000      0.000105
  116460      0.048299      0.050000      0.000096
  116660      0.074943      0.050000      0.000102
  116860      0.072445      0.050000      0.000108
  117060      0.010381      0.050000      0.000101
  117260      0.091047      0.050000      0.000098
  117460      0.073188      0.050000      0.000108
  117660      0.016649      0.050000      0.000131
  117860      0.101880      0.050000      0.000136
  118060      0.071130      0.050000      0.000105
  118260      0.029541      0.050000      0.000098
  118460      0.089569      0.050000      0.000101
  118660      0.077315      0.050000      0.000113
  118860      0.101081      0.050000      0.000146
  119060      0.138648      0.050000      0.000252
  119260      0.128444      0.050000      0.000444
  119460      0.018399      0.050000      0.000758
  119660      0.121070      0.050000      0.000653
  119860      0.168329      0.050000      0.000403
  120060      0.044230      0.050000      0.000197
  120260      0.099850      0.050000      0.000152
  120460      0.028051      0.050000      0.000260
  120660      0.049402      0.050000      0.000285
  120860      0.061212      0.050000      0.000225
  121060      0.018755      0.050000      0.000160
  121260      0.007360      0.050000      0.000145
  121460      0.011543      0.050000      0.000148
  121660      0.064193      0.050000      0.000139
  121860      0.013420      0.050000      0.000117
  122060      0.004808      0.050000      0.000112
  122260      0.089236      0.050000      0.000109
  122600      0.157202      0.050000      0.000094
  122800      0.142115      0.050000      0.000101
  123000      0.057541      0.050000      0.000145
  123200      0.093925      0.050000      0.000188
  123400      0.036920      0.050000      0.000333
  123600      0.045145      0.050000      0.000429
  123800      0.012845      0.050000      0.000599
  124000      0.006564      0.050000      0.000627
  124200      0.058614      0.050000      0.000561
  124400      0.131810      0.050000      0.000357
  124600      0.003557      0.050000      0.000176
  124800      0.062230      0.050000      0.000176
  125000      0.030314      0.050000      0.000240
  125200      0.074146      0.050000      0.000200
  125400      0.014104      0.050000      0.000143
  125600      0.050121      0.050000      0.000135
  125800      0.030248      0.050000      0.000161
  126000      0.034142      0.050000      0.000141
  126200      0.019678      0.050000      0.000160
  126400      0.013754      0.050000      0.000144
  126600      0.085635      0.050000      0.000151
  126800      0.187419      0.050000      0.000118
  127000      0.158321      0.050000      0.000093
  127200      0.198365      0.050000      0.000100
  127400      0.126380      0.050000      0.000193
  127600      0.048642      0.050000      0.000344
  127800      0.003114      0.050000      0.000415
  128000      0.042632      0.050000      0.000393
  128200      0.127497      0.050000      0.000319
  128400      0.110169      0.050000      0.000191
  128600      0.020907      0.050000      0.000118
  128800      0.062526      0.050000      0.000111
  129000      0.069656      0.050000      0.000099
  129200      0.044504      0.050000      0.000096
  129400      0.053760      0.050000      0.000097
  129600      0.072203      0.050000      0.000093
  129800      0.018831      0.050000      0.000091
  130000      0.109606      0.050000      0.000091
  130200      0.063707      0.050000      0.000094
  130400      0.034147      0.050000      0.000096
  130600      0.087362      0.050000      0.000102
  130800      0.032160      0.050000      0.000130
  131000      0.033049      0.050000      0.000150
  131200      0.070918      0.050000      0.000180
  131400      0.053210      0.050000      0.000256
  131600      0.115469      0.050000      0.000299
  131800      0.227632      0.050000      0.000185
  132000      0.209889      0.050000      0.000094
  132200      0.086447      0.050000      0.000097
  132400      0.010366      0.050000      0.000111
  132600      0.049541      0.050000      0.000112
  132800      0.049234      0.050000      0.000123
  133000      0.110177      0.050000      0.000110
  133200      0.128857      0.050000      0.000094
  133400      0.045756      0.050000      0.000089
  133600      0.033604      0.050000      0.000092
  133800      0.037143      0.050000      0.000088
  134000      0.015286      0.050000      0.000091
  134200      0.063147      0.050000      0.000090
  134400      0.122772      0.050000      0.000086
  134600      0.109258      0.050000      0.000093
  134800      0.014647      0.050000      0.000107
  135000      0.054048      0.050000      0.000109
  135220      0.002643      0.050000      0.000100
  135420      0.026767      0.050000      0.000099
  135620      0.073546      0.050000      0.000095
  135820      0.045837      0.050000      0.000089
  136020      0.053714      0.050000      0.000085
  136220      0.055891      0.050000      0.000085
  136420      0.024580      0.050000      0.000089
  136620      0.116926      0.050000      0.000087
  136820      0.086683      0.050000      0.000087
  137020      0.108902      0.050000      0.000094
  137220      0.046472      0.050000      0.000112
  137420      0.029962      0.050000      0.000130
  137620      0.056489      0.050000      0.000116
  137820      0.055542      0.050000      0.000101
  138020      0.001287      0.050000      0.000094
  138220      0.079054      0.050000      0.000093
  138420      0.054667      0.050000      0.000086
  138620      0.032002      0.050000      0.000083
  138820      0.010763      0.050000      0.000082
  139020      0.045846      0.050000      0.000082
  139220      0.027047      0.050000      0.000082
  139420      0.081050      0.050000      0.000083
  139620      0.036596      0.050000      0.000089
  139820      0.054133      0.050000      0.000093
  140020      0.028703      0.050000      0.000100
  140220      0.053530      0.050000      0.000107
  140420      0.098363      0.050000      0.000095
  140620      0.035604      0.050000      0.000085
  140820      0.035054      0.050000      0.000082
  141020      0.047494      0.050000      0.000083
  141220      0.095240      0.050000      0.000081
  141420      0.046099      0.050000      0.000083
  141620      0.001470      0.050000      0.000087
  141820      0.016573      0.050000      0.000086
  142020      0.105943      0.050000      0.000087
  142220      0.006729      0.050000      0.000115
  142420      0.038065      0.050000      0.000116
  142620      0.049796      0.050000      0.000104
  142820      0.004932      0.050000      0.000090
  143020      0.045086      0.050000      0.000090
  143220      0.037750      0.050000      0.000102
  143420      0.009622      0.050000      0.000113
  143620      0.051420      0.050000      0.000108
  143820      0.125897      0.050000      0.000130
  144020      0.128497      0.050000      0.000252
  144220      0.093801      0.050000      0.000445
  144420      0.001961      0.050000      0.000682
  144620      0.033699      0.050000      0.000646
  144820      0.023573      0.050000      0.000747
  145020      0.108857      0.050000      0.000605
  145220      0.054595      0.050000      0.000409
  145420      0.109102      0.050000      0.000305
  145620      0.192187      0.050000      0.000210
  145820      0.162846      0.050000      0.000093
  146020      0.092036      0.050000      0.000078
  146220      0.075774      0.050000      0.000082
  146420      0.080447      0.050000      0.000078
  146620      0.003198      0.050000      0.000081
  146820      0.013906      0.050000      0.000080
  147020      0.067765      0.050000      0.000079
  147220      0.008667      0.050000      0.000083
  147420      0.061404      0.050000      0.000084
  147620      0.014865      0.050000      0.000079
  147820      0.059034      0.050000      0.000079
  148020      0.027269      0.050000      0.000085
  148220      0.055170      0.050000      0.000091
  148420      0.021114      0.050000      0.000108
  148620      0.064804      0.050000      0.000115
  148820      0.061630      0.050000      0.000162
  149020      0.012352      0.050000      0.000220
  149220      0.074542      0.050000      0.000226
  149420      0.044304      0.050000      0.000157
  149620      0.040874      0.050000      0.000194
  149820      0.008144      0.050000      0.000226
  150020      0.114672      0.050000      0.000214
  150220      0.069396      0.050000      0.000125
  150420      0.040027      0.050000      0.000098
  150620      0.066986      0.050000      0.000087
  150820      0.104115      0.050000      0.000078
  151020      0.106260      0.050000      0.000076
  151220      0.033549      0.050000      0.000084
  151420      0.023459      0.050000      0.000080
  151620      0.034076      0.050000      0.000078
  151820      0.054022      0.050000      0.000080
  152020      0.020019      0.050000      0.000086
  152220      0.003373      0.050000      0.000083
  152420      0.005458      0.050000      0.000081
  152620      0.070290      0.050000      0.000080
  152820      0.036642      0.050000      0.000091
  153020      0.021917      0.050000      0.000084
  153220      0.047826      0.050000      0.000080
  153420      0.043479      0.050000      0.000087
  153620      0.008968      0.050000      0.000096
  153820      0.034436      0.050000      0.000093
  154020      0.039467      0.050000      0.000103
  154220      0.014681      0.050000      0.000120
  154420      0.075627      0.050000      0.000128
  154620      0.117981      0.050000      0.000208
  154820      0.024733      0.050000      0.000454
  155020      0.208726      0.050000      0.000536
  155220      0.203356      0.050000      0.000133
  155420      0.188857      0.050000      0.000077
  155620      0.016013      0.050000      0.000077
  155820      0.026843      0.050000      0.000076
  156020      0.002257      0.050000      0.000074
  156220      0.011463      0.050000      0.000074
  156420      0.047584      0.050000      0.000073
  156620      0.065412      0.050000      0.000074
  156820      0.126218      0.050000      0.000072
  157020      0.024606      0.050000      0.000077
  157220      0.111349      0.050000      0.000079
  157420      0.063766      0.050000      0.000073
  157620      0.004882      0.050000      0.000074
  157820      0.035130      0.050000      0.000074
  158020      0.093421      0.050000      0.000073
  158220      0.081190      0.050000      0.000072
  158420      0.049390      0.050000      0.000078
  158620      0.014665      0.050000      0.000088
  158820      0.069468      0.050000      0.000084
  159020      0.075764      0.050000      0.000073
  159220      0.043565      0.050000      0.000070
  159420      0.120288      0.050000      0.000071
  159620      0.101392      0.050000      0.000072
  159820      0.006518      0.050000      0.000082
  160020      0.035486      0.050000      0.000082
  160220      0.089043      0.050000      0.000076
  160420      0.007105      0.050000      0.000071
  160620      0.026857      0.050000      0.000071
  160820      0.023298      0.050000      0.000069
  161020      0.089113      0.050000      0.000070
  161220      0.133410      0.050000      0.000074
  161420      0.018966      0.050000      0.000104
  161620      0.045204      0.050000      0.000111
  161820      0.099797      0.050000      0.000093
  162020      0.021628      0.050000      0.000074
  162220      0.025097      0.050000      0.000077
  162420      0.014701      0.050000      0.000072
  162620      0.013455      0.050000      0.000070
  162820      0.059358      0.050000      0.000071
  163020      0.133328      0.050000      0.000081
  163220      0.146895      0.050000      0.000069
  163420      0.115336      0.050000      0.000072
  163620      0.017728      0.050000      0.000097
  163820      0.081331      0.050000      0.000101
  164020      0.070438      0.050000      0.000078
  164220      0.092634      0.050000      0.000070
  164420      0.151956      0.050000      0.000068
  164620      0.099978      0.050000      0.000077
  164820      0.090249      0.050000      0.000105
  165020      0.004082      0.050000      0.000181
  165220      0.029704      0.050000      0.000183
  165420      0.072857      0.050000      0.000146
  165620      0.002441      0.050000      0.000242
  165820      0.032533      0.050000      0.000241
  166020      0.039914      0.050000      0.000188
  166220      0.057621      0.050000      0.000244
  166420      0.019430      0.050000      0.000353
  166620      0.128402      0.050000      0.000298
  166820      0.019567      0.050000      0.000133
  167020      0.016700      0.050000      0.000147
  167220      0.041036      0.050000      0.000161
  167420      0.112503      0.050000      0.000125
  167620      0.081349      0.050000      0.000084
  167820      0.068244      0.050000      0.000070
  168020      0.023174      0.050000      0.000081
  168220      0.047649      0.050000      0.000085
  168420      0.147131      0.050000      0.000075
  168620      0.113090      0.050000      0.000068
  168820      0.041397      0.050000      0.000071
  169020      0.116174      0.050000      0.000074
  169220      0.193397      0.050000      0.000107
  169420      0.091538      0.050000      0.000259
  169620      0.024459      0.050000      0.000408
  169820      0.071616      0.050000      0.000346
  170020      0.103385      0.050000      0.000243
  170220      0.027896      0.050000      0.000165
  170440      0.007855      0.050000      0.000182
  170640      0.043055      0.050000      0.000174
  170840      0.054737      0.050000      0.000141
  171040      0.052008      0.050000      0.000108
  171240      0.017089      0.050000      0.000091
  171440      0.022963      0.050000      0.000086
  171640      0.072418      0.050000      0.000079
  171840      0.025800      0.050000      0.000069
  172040      0.015552      0.050000      0.000068
  172240      0.070293      0.050000      0.000067
